0.490749
0.473918
0.457448
0.4412
0.425222
0.409637
0.394594
0.380247
0.36675
0.354252
0.342892
0.332803
0.324104
0.316904
0.311299
0.307368
0.305176
0.304772
0.306186
0.309431
0.314503
0.321378
0.330013
0.340348
0.352306
0.365788
0.380684
0.396864
0.414184
0.432486
0.451602
0.471351
0.491543
0.511981
0.532463
0.552782
0.572732
0.592104
0.610694
0.628303
0.644737
0.659812
0.673354
0.685203
0.695212
0.703253
0.709213
0.713002
0.714549
0.713807
0.710753
0.705385
0.69773
0.687836
0.675776
0.661642
0.64555
0.627635
0.608048
0.58696
0.564558
0.541043
0.516632
0.491555
0.466051
0.440369
0.414764
0.389494
0.364817
0.34099
0.318265
0.296887
0.277092
0.259102
0.243125
0.229353
0.217958
0.209089
0.202874
0.199416
0.19879
0.201046
0.206205
0.214258
0.225168
0.238868
0.255263
0.274226
0.295608
0.319227
0.344881
0.372341
0.401358
0.431662
0.462969
0.494976
0.527372
0.559834
0.592037
0.623649
0.654342
0.683788
0.711668
0.737671
0.761497
0.782859
0.801487
0.817122
0.82952
0.838452
0.843693
0.845032
0.842268
0.835234
0.82383
0.808078
0.788186
0.764585
0.737899
0.708837
0.678038
0.645957
0.612836
0.578775
0.543834
0.508118
0.471813
0.435182
0.398544
0.362248
0.326656
0.292134
0.259046
0.227744
0.198571
0.171853
0.147894
0.126978
0.109361
0.0952691
0.0848986
0.0784094
0.0759255
0.0775321
0.0832748
0.0931581
0.107145
0.125157
0.147072
0.17273
0.201928
0.234426
0.269946
0.308175
0.34877
0.391357
0.435536
0.480886
0.526967
0.573324
0.619492
0.664999
0.709371
0.752135
0.792818
0.830952
0.86606
0.897638
0.925103
0.94767
0.964063
0.971901
0.966523
0.939628
0.880908
0.789498
0.687986
0.606934
0.555764
0.525983
0.507333
0.493571
0.481747
0.470652
0.459867
0.4493
0.438983
0.428998
0.419442
0.410415
0.402014
0.394333
0.387459
0.381475
0.376453
0.372459
0.369548
0.367766
0.367148
0.367717
0.369485
0.372453
0.376609
0.381928
0.388375
0.395902
0.404449
0.413945
0.424309
0.43545
0.447267
0.45965
0.472485
0.485648
0.499011
0.512443
0.52581
0.538975
0.551802
0.564159
0.575911
0.586933
0.597101
0.606301
0.614424
0.621374
0.627062
0.631413
0.634363
0.635862
0.635873
0.634376
0.631363
0.626843
0.62084
0.613393
0.604557
0.594399
0.583004
0.570467
0.556896
0.542413
0.52715
0.511248
0.494856
0.478133
0.46124
0.444345
0.427617
0.411227
0.395344
0.380136
0.365767
0.352392
0.340161
0.329215
0.319683
0.311682
0.305316
0.300673
0.297826
0.29683
0.297724
0.300526
0.305238
0.311841
0.320296
0.330547
0.342516
0.35611
0.371216
0.387705
0.40543
0.424233
0.44394
0.464365
0.485315
0.506584
0.527965
0.549241
0.570198
0.590618
0.610287
0.628994
0.646536
0.662717
0.677351
0.690268
0.701308
0.710332
0.717216
0.721859
0.72418
0.724122
0.721653
0.716766
0.709481
0.699842
0.687919
0.673804
0.657613
0.639481
0.619561
0.598025
0.575061
0.550875
0.525687
0.499732
0.473257
0.446517
0.419777
0.393305
0.367369
0.342239
0.318179
0.295447
0.274292
0.25495
0.237642
0.222575
0.209932
0.199878
0.192553
0.188071
0.186522
0.187963
0.192427
0.199913
0.210392
0.223803
0.240056
0.259029
0.280573
0.304509
0.330632
0.358712
0.388496
0.419708
0.452057
0.485232
0.518911
0.552762
0.586445
0.619617
0.651933
0.683052
0.712636
0.740359
0.765902
0.788959
0.809239
0.82646
0.840352
0.850646
0.857072
0.859347
0.857174
0.850259
0.838355
0.821362
0.799458
0.773208
0.74356
0.711654
0.678513
0.6448
0.610758
0.576347
0.541446
0.506002
0.470096
0.43393
0.397791
0.362015
0.326954
0.292969
0.260417
0.229646
0.200993
0.174777
0.151299
0.130837
0.113642
0.0999362
0.08991
0.0837198
0.0814858
0.0832902
0.0891758
0.0991448
0.113158
0.131136
0.152958
0.178461
0.207444
0.239668
0.274857
0.312701
0.352859
0.394962
0.438613
0.483396
0.528876
0.574604
0.62012
0.66496
0.708655
0.750739
0.790747
0.828218
0.862685
0.893656
0.920571
0.942687
0.958832
0.966873
0.962721
0.939131
0.886739
0.803031
0.705594
0.623046
0.568022
0.534771
0.513582
0.497907
0.484467
0.471872
0.459618
0.447586
0.435809
0.424377
0.4134
0.402991
0.393262
0.384321
0.37627
0.369203
0.363206
0.358355
0.354716
0.352344
0.351283
0.351562
0.353198
0.356196
0.360546
0.366224
0.373194
0.381404
0.39079
0.401275
0.412771
0.425177
0.438382
0.452263
0.466692
0.481532
0.496639
0.511865
0.527057
0.542063
0.556728
0.570898
0.584425
0.59716
0.608964
0.619703
0.629254
0.637502
0.644343
0.64969
0.653464
0.655606
0.65607
0.654827
0.651866
0.647192
0.640829
0.632816
0.623211
0.612087
0.599535
0.585659
0.57058
0.55443
0.537355
0.519513
0.50107
0.482202
0.463093
0.44393
0.424905
0.406211
0.38804
0.370583
0.354026
0.33855
0.324325
0.311514
0.300268
0.290722
0.282999
0.277202
0.273421
0.271723
0.272156
0.274749
0.279507
0.286416
0.295438
0.306514
0.319563
0.334484
0.351155
0.369434
0.389161
0.41016
0.432237
0.455186
0.478789
0.502819
0.527038
0.551205
0.575076
0.598404
0.620945
0.642459
0.662712
0.681479
0.698547
0.713713
0.726794
0.737623
0.746052
0.751957
0.755238
0.755821
0.75366
0.748742
0.741084
0.730737
0.717782
0.702329
0.684512
0.664488
0.64243
0.618526
0.592981
0.566016
0.537871
0.508802
0.479079
0.448988
0.418823
0.388884
0.359475
0.330899
0.303455
0.277436
0.253126
0.230794
0.210695
0.193065
0.178118
0.166046
0.157012
0.151154
0.148579
0.149361
0.153544
0.161137
0.172115
0.186417
0.203951
0.224589
0.248169
0.274498
0.303352
0.33448
0.367601
0.402411
0.438586
0.475781
0.513636
0.551778
0.589827
0.627395
0.664094
0.699536
0.733338
0.765124
0.794528
0.821189
0.844753
0.864859
0.881122
0.893098
0.90022
0.901717
0.896516
0.883234
0.860441
0.827458
0.785554
0.73853
0.691467
0.648231
0.610032
0.57599
0.544498
0.514194
0.484266
0.454397
0.424591
0.395025
0.365953
0.33766
0.310436
0.284572
0.260346
0.238028
0.21787
0.200107
0.184955
0.172606
0.163225
0.156952
0.153897
0.154139
0.157725
0.16467
0.174955
0.188526
0.205295
0.225143
0.247916
0.273429
0.301465
0.331782
0.364106
0.398144
0.433577
0.470069
0.507269
0.544811
0.58232
0.619417
0.655719
0.690843
0.724413
0.756058
0.785414
0.812129
0.835856
0.856249
0.872947
0.885551
0.893577
0.896392
0.893147
0.882743
0.863983
0.836075
0.799508
0.756775
0.711927
0.668831
0.629514
0.593958
0.561026
0.529455
0.498362
0.467329
0.43629
0.405386
0.374863
0.345011
0.316134
0.288533
0.262505
0.238335
0.216295
0.196638
0.179599
0.165386
0.154188
0.14616
0.141433
0.140103
0.142235
0.14786
0.156973
0.169536
0.185475
0.204678
0.227003
0.252271
0.280273
0.310767
0.343484
0.378127
0.414378
0.451893
0.490314
0.529267
0.568366
0.607217
0.645424
0.682587
0.71831
0.752203
0.783883
0.812974
0.839106
0.861904
0.880975
0.895868
0.906014
0.91062
0.908525
0.898088
0.877313
0.844635
0.800558
0.749127
0.69696
0.649716
0.609453
0.575117
0.544525
0.515788
0.487754
0.459913
0.432168
0.404638
0.377544
0.351143
0.325707
0.301502
0.278791
0.257825
0.23884
0.222057
0.207679
0.195886
0.186836
0.180661
0.177467
0.177331
0.1803
0.186391
0.19559
0.20785
0.223096
0.241218
0.262077
0.285504
0.311302
0.339247
0.369089
0.400557
0.433358
0.46718
0.501699
0.536576
0.571464
0.60601
0.63986
0.672657
0.704053
0.733702
0.76127
0.786433
0.808879
0.828307
0.844421
0.856926
0.865513
0.869846
0.869541
0.86417
0.853298
0.836594
0.814042
0.786174
0.75418
0.719696
0.684309
0.649074
0.614343
0.579957
0.545572
0.510924
0.475939
0.440721
0.405505
0.370597
0.336336
0.303068
0.271143
0.240901
0.212671
0.186767
0.163486
0.1431
0.125859
0.111984
0.101665
0.0950587
0.0922885
0.0934399
0.0985604
0.107658
0.120702
0.137619
0.158299
0.182589
0.2103
0.241203
0.275036
0.311502
0.350274
0.390994
0.433283
0.476737
0.520936
0.565443
0.609813
0.653594
0.696332
0.737571
0.776861
0.813754
0.847802
0.878547
0.905484
0.927999
0.945208
0.95563
0.956564
0.943175
0.90824
0.845802
0.761145
0.675171
0.607904
0.563111
0.533959
0.513066
0.495858
0.480105
0.464894
0.449936
0.435212
0.42081
0.406859
0.3935
0.380872
0.369114
0.358356
0.348721
0.340325
0.333268
0.327643
0.323528
0.320987
0.320069
0.320807
0.32322
0.327307
0.333054
0.340427
0.349376
0.359835
0.371721
0.384937
0.399368
0.414888
0.431357
0.448623
0.466525
0.48489
0.503541
0.522295
0.540962
0.559355
0.577282
0.594556
0.610993
0.626413
0.640645
0.653526
0.664908
0.67465
0.682631
0.688742
0.692895
0.695019
0.695064
0.692999
0.688817
0.682532
0.674179
0.663815
0.651518
0.637385
0.621532
0.604092
0.585217
0.565074
0.543843
0.521721
0.498914
0.475641
0.452126
0.428602
0.405305
0.382472
0.360339
0.339139
0.319099
0.300439
0.283366
0.268076
0.25475
0.243552
0.234625
0.228095
0.224062
0.222606
0.22378
0.22761
0.2341
0.243223
0.254927
0.269134
0.285738
0.304608
0.325588
0.348498
0.373137
0.399282
0.426692
0.455111
0.484267
0.513877
0.543649
0.573283
0.60248
0.630935
0.65835
0.684428
0.708884
0.731442
0.751836
0.769821
0.785164
0.797653
0.807095
0.813321
0.816183
0.815566
0.811388
0.803619
0.792289
0.777507
0.759465
0.738433
0.714726
0.688673
0.660572
0.630681
0.599219
0.566395
0.532431
0.497584
0.462146
0.426438
0.390804
0.355597
0.321176
0.287897
0.256113
0.226165
0.198381
0.173075
0.150537
0.131037
0.114816
0.102087
0.093031
0.0877943
0.0864872
0.0891821
0.0959122
0.106671
0.12141
0.140042
0.162437
