0.490749 0.473918 0.457448 0.4412 0.425222 0.409637 0.394594 0.380247 0.36675 0.354252 0.342892 0.332803 0.324104 0.316904 0.311299 
0.457448 0.4412 0.425222 0.409637 0.394594 0.380247 0.36675 0.354252 0.342892 0.332803 0.324104 0.316904 0.311299 0.307368 0.305176 
0.425222 0.409637 0.394594 0.380247 0.36675 0.354252 0.342892 0.332803 0.324104 0.316904 0.311299 0.307368 0.305176 0.304772 0.306186 
0.394594 0.380247 0.36675 0.354252 0.342892 0.332803 0.324104 0.316904 0.311299 0.307368 0.305176 0.304772 0.306186 0.309431 0.314503 
0.36675 0.354252 0.342892 0.332803 0.324104 0.316904 0.311299 0.307368 0.305176 0.304772 0.306186 0.309431 0.314503 0.321378 0.330013 
0.342892 0.332803 0.324104 0.316904 0.311299 0.307368 0.305176 0.304772 0.306186 0.309431 0.314503 0.321378 0.330013 0.340348 0.352306 
0.324104 0.316904 0.311299 0.307368 0.305176 0.304772 0.306186 0.309431 0.314503 0.321378 0.330013 0.340348 0.352306 0.365788 0.380684 
0.311299 0.307368 0.305176 0.304772 0.306186 0.309431 0.314503 0.321378 0.330013 0.340348 0.352306 0.365788 0.380684 0.396864 0.414184 
0.305176 0.304772 0.306186 0.309431 0.314503 0.321378 0.330013 0.340348 0.352306 0.365788 0.380684 0.396864 0.414184 0.432486 0.451602 
0.306186 0.309431 0.314503 0.321378 0.330013 0.340348 0.352306 0.365788 0.380684 0.396864 0.414184 0.432486 0.451602 0.471351 0.491543 
0.314503 0.321378 0.330013 0.340348 0.352306 0.365788 0.380684 0.396864 0.414184 0.432486 0.451602 0.471351 0.491543 0.511981 0.532463 
0.330013 0.340348 0.352306 0.365788 0.380684 0.396864 0.414184 0.432486 0.451602 0.471351 0.491543 0.511981 0.532463 0.552782 0.572732 
0.352306 0.365788 0.380684 0.396864 0.414184 0.432486 0.451602 0.471351 0.491543 0.511981 0.532463 0.552782 0.572732 0.592104 0.610694 
0.380684 0.396864 0.414184 0.432486 0.451602 0.471351 0.491543 0.511981 0.532463 0.552782 0.572732 0.592104 0.610694 0.628303 0.644737 
0.414184 0.432486 0.451602 0.471351 0.491543 0.511981 0.532463 0.552782 0.572732 0.592104 0.610694 0.628303 0.644737 0.659812 0.673354 
0.451602 0.471351 0.491543 0.511981 0.532463 0.552782 0.572732 0.592104 0.610694 0.628303 0.644737 0.659812 0.673354 0.685203 0.695212 
0.491543 0.511981 0.532463 0.552782 0.572732 0.592104 0.610694 0.628303 0.644737 0.659812 0.673354 0.685203 0.695212 0.703253 0.709213 
0.532463 0.552782 0.572732 0.592104 0.610694 0.628303 0.644737 0.659812 0.673354 0.685203 0.695212 0.703253 0.709213 0.713002 0.714549 
0.572732 0.592104 0.610694 0.628303 0.644737 0.659812 0.673354 0.685203 0.695212 0.703253 0.709213 0.713002 0.714549 0.713807 0.710753 
0.610694 0.628303 0.644737 0.659812 0.673354 0.685203 0.695212 0.703253 0.709213 0.713002 0.714549 0.713807 0.710753 0.705385 0.69773 
0.644737 0.659812 0.673354 0.685203 0.695212 0.703253 0.709213 0.713002 0.714549 0.713807 0.710753 0.705385 0.69773 0.687836 0.675776 
0.673354 0.685203 0.695212 0.703253 0.709213 0.713002 0.714549 0.713807 0.710753 0.705385 0.69773 0.687836 0.675776 0.661642 0.64555 
0.695212 0.703253 0.709213 0.713002 0.714549 0.713807 0.710753 0.705385 0.69773 0.687836 0.675776 0.661642 0.64555 0.627635 0.608048 
0.709213 0.713002 0.714549 0.713807 0.710753 0.705385 0.69773 0.687836 0.675776 0.661642 0.64555 0.627635 0.608048 0.58696 0.564558 
0.714549 0.713807 0.710753 0.705385 0.69773 0.687836 0.675776 0.661642 0.64555 0.627635 0.608048 0.58696 0.564558 0.541043 0.516632 
0.710753 0.705385 0.69773 0.687836 0.675776 0.661642 0.64555 0.627635 0.608048 0.58696 0.564558 0.541043 0.516632 0.491555 0.466051 
0.69773 0.687836 0.675776 0.661642 0.64555 0.627635 0.608048 0.58696 0.564558 0.541043 0.516632 0.491555 0.466051 0.440369 0.414764 
0.675776 0.661642 0.64555 0.627635 0.608048 0.58696 0.564558 0.541043 0.516632 0.491555 0.466051 0.440369 0.414764 0.389494 0.364817 
0.64555 0.627635 0.608048 0.58696 0.564558 0.541043 0.516632 0.491555 0.466051 0.440369 0.414764 0.389494 0.364817 0.34099 0.318265 
0.608048 0.58696 0.564558 0.541043 0.516632 0.491555 0.466051 0.440369 0.414764 0.389494 0.364817 0.34099 0.318265 0.296887 0.277092 
0.564558 0.541043 0.516632 0.491555 0.466051 0.440369 0.414764 0.389494 0.364817 0.34099 0.318265 0.296887 0.277092 0.259102 0.243125 
0.516632 0.491555 0.466051 0.440369 0.414764 0.389494 0.364817 0.34099 0.318265 0.296887 0.277092 0.259102 0.243125 0.229353 0.217958 
0.466051 0.440369 0.414764 0.389494 0.364817 0.34099 0.318265 0.296887 0.277092 0.259102 0.243125 0.229353 0.217958 0.209089 0.202874 
0.414764 0.389494 0.364817 0.34099 0.318265 0.296887 0.277092 0.259102 0.243125 0.229353 0.217958 0.209089 0.202874 0.199416 0.19879 
0.364817 0.34099 0.318265 0.296887 0.277092 0.259102 0.243125 0.229353 0.217958 0.209089 0.202874 0.199416 0.19879 0.201046 0.206205 
0.318265 0.296887 0.277092 0.259102 0.243125 0.229353 0.217958 0.209089 0.202874 0.199416 0.19879 0.201046 0.206205 0.214258 0.225168 
0.277092 0.259102 0.243125 0.229353 0.217958 0.209089 0.202874 0.199416 0.19879 0.201046 0.206205 0.214258 0.225168 0.238868 0.255263 
0.243125 0.229353 0.217958 0.209089 0.202874 0.199416 0.19879 0.201046 0.206205 0.214258 0.225168 0.238868 0.255263 0.274226 0.295608 
0.217958 0.209089 0.202874 0.199416 0.19879 0.201046 0.206205 0.214258 0.225168 0.238868 0.255263 0.274226 0.295608 0.319227 0.344881 
0.202874 0.199416 0.19879 0.201046 0.206205 0.214258 0.225168 0.238868 0.255263 0.274226 0.295608 0.319227 0.344881 0.372341 0.401358 
0.19879 0.201046 0.206205 0.214258 0.225168 0.238868 0.255263 0.274226 0.295608 0.319227 0.344881 0.372341 0.401358 0.431662 0.462969 
0.206205 0.214258 0.225168 0.238868 0.255263 0.274226 0.295608 0.319227 0.344881 0.372341 0.401358 0.431662 0.462969 0.494976 0.527372 
0.225168 0.238868 0.255263 0.274226 0.295608 0.319227 0.344881 0.372341 0.401358 0.431662 0.462969 0.494976 0.527372 0.559834 0.592037 
0.255263 0.274226 0.295608 0.319227 0.344881 0.372341 0.401358 0.431662 0.462969 0.494976 0.527372 0.559834 0.592037 0.623649 0.654342 
0.295608 0.319227 0.344881 0.372341 0.401358 0.431662 0.462969 0.494976 0.527372 0.559834 0.592037 0.623649 0.654342 0.683788 0.711668 
0.344881 0.372341 0.401358 0.431662 0.462969 0.494976 0.527372 0.559834 0.592037 0.623649 0.654342 0.683788 0.711668 0.737671 0.761497 
0.401358 0.431662 0.462969 0.494976 0.527372 0.559834 0.592037 0.623649 0.654342 0.683788 0.711668 0.737671 0.761497 0.782859 0.801487 
0.462969 0.494976 0.527372 0.559834 0.592037 0.623649 0.654342 0.683788 0.711668 0.737671 0.761497 0.782859 0.801487 0.817122 0.82952 
0.527372 0.559834 0.592037 0.623649 0.654342 0.683788 0.711668 0.737671 0.761497 0.782859 0.801487 0.817122 0.82952 0.838452 0.843693 
0.592037 0.623649 0.654342 0.683788 0.711668 0.737671 0.761497 0.782859 0.801487 0.817122 0.82952 0.838452 0.843693 0.845032 0.842268 
0.654342 0.683788 0.711668 0.737671 0.761497 0.782859 0.801487 0.817122 0.82952 0.838452 0.843693 0.845032 0.842268 0.835234 0.82383 
0.711668 0.737671 0.761497 0.782859 0.801487 0.817122 0.82952 0.838452 0.843693 0.845032 0.842268 0.835234 0.82383 0.808078 0.788186 
0.761497 0.782859 0.801487 0.817122 0.82952 0.838452 0.843693 0.845032 0.842268 0.835234 0.82383 0.808078 0.788186 0.764585 0.737899 
0.801487 0.817122 0.82952 0.838452 0.843693 0.845032 0.842268 0.835234 0.82383 0.808078 0.788186 0.764585 0.737899 0.708837 0.678038 
0.82952 0.838452 0.843693 0.845032 0.842268 0.835234 0.82383 0.808078 0.788186 0.764585 0.737899 0.708837 0.678038 0.645957 0.612836 
0.843693 0.845032 0.842268 0.835234 0.82383 0.808078 0.788186 0.764585 0.737899 0.708837 0.678038 0.645957 0.612836 0.578775 0.543834 
0.842268 0.835234 0.82383 0.808078 0.788186 0.764585 0.737899 0.708837 0.678038 0.645957 0.612836 0.578775 0.543834 0.508118 0.471813 
0.82383 0.808078 0.788186 0.764585 0.737899 0.708837 0.678038 0.645957 0.612836 0.578775 0.543834 0.508118 0.471813 0.435182 0.398544 
0.788186 0.764585 0.737899 0.708837 0.678038 0.645957 0.612836 0.578775 0.543834 0.508118 0.471813 0.435182 0.398544 0.362248 0.326656 
0.737899 0.708837 0.678038 0.645957 0.612836 0.578775 0.543834 0.508118 0.471813 0.435182 0.398544 0.362248 0.326656 0.292134 0.259046 
0.678038 0.645957 0.612836 0.578775 0.543834 0.508118 0.471813 0.435182 0.398544 0.362248 0.326656 0.292134 0.259046 0.227744 0.198571 
0.612836 0.578775 0.543834 0.508118 0.471813 0.435182 0.398544 0.362248 0.326656 0.292134 0.259046 0.227744 0.198571 0.171853 0.147894 
0.543834 0.508118 0.471813 0.435182 0.398544 0.362248 0.326656 0.292134 0.259046 0.227744 0.198571 0.171853 0.147894 0.126978 0.109361 
0.471813 0.435182 0.398544 0.362248 0.326656 0.292134 0.259046 0.227744 0.198571 0.171853 0.147894 0.126978 0.109361 0.0952691 0.0848986 
0.398544 0.362248 0.326656 0.292134 0.259046 0.227744 0.198571 0.171853 0.147894 0.126978 0.109361 0.0952691 0.0848986 0.0784094 0.0759255 
0.326656 0.292134 0.259046 0.227744 0.198571 0.171853 0.147894 0.126978 0.109361 0.0952691 0.0848986 0.0784094 0.0759255 0.0775321 0.0832748 
0.259046 0.227744 0.198571 0.171853 0.147894 0.126978 0.109361 0.0952691 0.0848986 0.0784094 0.0759255 0.0775321 0.0832748 0.0931581 0.107145 
0.198571 0.171853 0.147894 0.126978 0.109361 0.0952691 0.0848986 0.0784094 0.0759255 0.0775321 0.0832748 0.0931581 0.107145 0.125157 0.147072 
0.147894 0.126978 0.109361 0.0952691 0.0848986 0.0784094 0.0759255 0.0775321 0.0832748 0.0931581 0.107145 0.125157 0.147072 0.17273 0.201928 
0.109361 0.0952691 0.0848986 0.0784094 0.0759255 0.0775321 0.0832748 0.0931581 0.107145 0.125157 0.147072 0.17273 0.201928 0.234426 0.269946 
0.0848986 0.0784094 0.0759255 0.0775321 0.0832748 0.0931581 0.107145 0.125157 0.147072 0.17273 0.201928 0.234426 0.269946 0.308175 0.34877 
0.0759255 0.0775321 0.0832748 0.0931581 0.107145 0.125157 0.147072 0.17273 0.201928 0.234426 0.269946 0.308175 0.34877 0.391357 0.435536 
0.0832748 0.0931581 0.107145 0.125157 0.147072 0.17273 0.201928 0.234426 0.269946 0.308175 0.34877 0.391357 0.435536 0.480886 0.526967 
0.107145 0.125157 0.147072 0.17273 0.201928 0.234426 0.269946 0.308175 0.34877 0.391357 0.435536 0.480886 0.526967 0.573324 0.619492 
0.147072 0.17273 0.201928 0.234426 0.269946 0.308175 0.34877 0.391357 0.435536 0.480886 0.526967 0.573324 0.619492 0.664999 0.709371 
0.201928 0.234426 0.269946 0.308175 0.34877 0.391357 0.435536 0.480886 0.526967 0.573324 0.619492 0.664999 0.709371 0.752135 0.792818 
0.269946 0.308175 0.34877 0.391357 0.435536 0.480886 0.526967 0.573324 0.619492 0.664999 0.709371 0.752135 0.792818 0.830952 0.86606 
0.34877 0.391357 0.435536 0.480886 0.526967 0.573324 0.619492 0.664999 0.709371 0.752135 0.792818 0.830952 0.86606 0.897638 0.925103 
0.435536 0.480886 0.526967 0.573324 0.619492 0.664999 0.709371 0.752135 0.792818 0.830952 0.86606 0.897638 0.925103 0.94767 0.964063 
0.526967 0.573324 0.619492 0.664999 0.709371 0.752135 0.792818 0.830952 0.86606 0.897638 0.925103 0.94767 0.964063 0.971901 0.966523 
0.619492 0.664999 0.709371 0.752135 0.792818 0.830952 0.86606 0.897638 0.925103 0.94767 0.964063 0.971901 0.966523 0.939628 0.880908 
0.709371 0.752135 0.792818 0.830952 0.86606 0.897638 0.925103 0.94767 0.964063 0.971901 0.966523 0.939628 0.880908 0.789498 0.687986 
0.792818 0.830952 0.86606 0.897638 0.925103 0.94767 0.964063 0.971901 0.966523 0.939628 0.880908 0.789498 0.687986 0.606934 0.555764 
0.86606 0.897638 0.925103 0.94767 0.964063 0.971901 0.966523 0.939628 0.880908 0.789498 0.687986 0.606934 0.555764 0.525983 0.507333 
0.925103 0.94767 0.964063 0.971901 0.966523 0.939628 0.880908 0.789498 0.687986 0.606934 0.555764 0.525983 0.507333 0.493571 0.481747 
0.964063 0.971901 0.966523 0.939628 0.880908 0.789498 0.687986 0.606934 0.555764 0.525983 0.507333 0.493571 0.481747 0.470652 0.459867 
0.966523 0.939628 0.880908 0.789498 0.687986 0.606934 0.555764 0.525983 0.507333 0.493571 0.481747 0.470652 0.459867 0.4493 0.438983 
0.880908 0.789498 0.687986 0.606934 0.555764 0.525983 0.507333 0.493571 0.481747 0.470652 0.459867 0.4493 0.438983 0.428998 0.419442 
0.687986 0.606934 0.555764 0.525983 0.507333 0.493571 0.481747 0.470652 0.459867 0.4493 0.438983 0.428998 0.419442 0.410415 0.402014 
0.555764 0.525983 0.507333 0.493571 0.481747 0.470652 0.459867 0.4493 0.438983 0.428998 0.419442 0.410415 0.402014 0.394333 0.387459 
0.507333 0.493571 0.481747 0.470652 0.459867 0.4493 0.438983 0.428998 0.419442 0.410415 0.402014 0.394333 0.387459 0.381475 0.376453 
0.481747 0.470652 0.459867 0.4493 0.438983 0.428998 0.419442 0.410415 0.402014 0.394333 0.387459 0.381475 0.376453 0.372459 0.369548 
0.459867 0.4493 0.438983 0.428998 0.419442 0.410415 0.402014 0.394333 0.387459 0.381475 0.376453 0.372459 0.369548 0.367766 0.367148 
0.438983 0.428998 0.419442 0.410415 0.402014 0.394333 0.387459 0.381475 0.376453 0.372459 0.369548 0.367766 0.367148 0.367717 0.369485 
0.419442 0.410415 0.402014 0.394333 0.387459 0.381475 0.376453 0.372459 0.369548 0.367766 0.367148 0.367717 0.369485 0.372453 0.376609 
0.402014 0.394333 0.387459 0.381475 0.376453 0.372459 0.369548 0.367766 0.367148 0.367717 0.369485 0.372453 0.376609 0.381928 0.388375 
0.387459 0.381475 0.376453 0.372459 0.369548 0.367766 0.367148 0.367717 0.369485 0.372453 0.376609 0.381928 0.388375 0.395902 0.404449 
0.376453 0.372459 0.369548 0.367766 0.367148 0.367717 0.369485 0.372453 0.376609 0.381928 0.388375 0.395902 0.404449 0.413945 0.424309 
0.369548 0.367766 0.367148 0.367717 0.369485 0.372453 0.376609 0.381928 0.388375 0.395902 0.404449 0.413945 0.424309 0.43545 0.447267 
0.367148 0.367717 0.369485 0.372453 0.376609 0.381928 0.388375 0.395902 0.404449 0.413945 0.424309 0.43545 0.447267 0.45965 0.472485 
0.369485 0.372453 0.376609 0.381928 0.388375 0.395902 0.404449 0.413945 0.424309 0.43545 0.447267 0.45965 0.472485 0.485648 0.499011 
0.376609 0.381928 0.388375 0.395902 0.404449 0.413945 0.424309 0.43545 0.447267 0.45965 0.472485 0.485648 0.499011 0.512443 0.52581 
0.388375 0.395902 0.404449 0.413945 0.424309 0.43545 0.447267 0.45965 0.472485 0.485648 0.499011 0.512443 0.52581 0.538975 0.551802 
0.404449 0.413945 0.424309 0.43545 0.447267 0.45965 0.472485 0.485648 0.499011 0.512443 0.52581 0.538975 0.551802 0.564159 0.575911 
0.424309 0.43545 0.447267 0.45965 0.472485 0.485648 0.499011 0.512443 0.52581 0.538975 0.551802 0.564159 0.575911 0.586933 0.597101 
0.447267 0.45965 0.472485 0.485648 0.499011 0.512443 0.52581 0.538975 0.551802 0.564159 0.575911 0.586933 0.597101 0.606301 0.614424 
0.472485 0.485648 0.499011 0.512443 0.52581 0.538975 0.551802 0.564159 0.575911 0.586933 0.597101 0.606301 0.614424 0.621374 0.627062 
0.499011 0.512443 0.52581 0.538975 0.551802 0.564159 0.575911 0.586933 0.597101 0.606301 0.614424 0.621374 0.627062 0.631413 0.634363 
0.52581 0.538975 0.551802 0.564159 0.575911 0.586933 0.597101 0.606301 0.614424 0.621374 0.627062 0.631413 0.634363 0.635862 0.635873 
0.551802 0.564159 0.575911 0.586933 0.597101 0.606301 0.614424 0.621374 0.627062 0.631413 0.634363 0.635862 0.635873 0.634376 0.631363 
0.575911 0.586933 0.597101 0.606301 0.614424 0.621374 0.627062 0.631413 0.634363 0.635862 0.635873 0.634376 0.631363 0.626843 0.62084 
0.597101 0.606301 0.614424 0.621374 0.627062 0.631413 0.634363 0.635862 0.635873 0.634376 0.631363 0.626843 0.62084 0.613393 0.604557 
0.614424 0.621374 0.627062 0.631413 0.634363 0.635862 0.635873 0.634376 0.631363 0.626843 0.62084 0.613393 0.604557 0.594399 0.583004 
0.627062 0.631413 0.634363 0.635862 0.635873 0.634376 0.631363 0.626843 0.62084 0.613393 0.604557 0.594399 0.583004 0.570467 0.556896 
0.634363 0.635862 0.635873 0.634376 0.631363 0.626843 0.62084 0.613393 0.604557 0.594399 0.583004 0.570467 0.556896 0.542413 0.52715 
0.635873 0.634376 0.631363 0.626843 0.62084 0.613393 0.604557 0.594399 0.583004 0.570467 0.556896 0.542413 0.52715 0.511248 0.494856 
0.631363 0.626843 0.62084 0.613393 0.604557 0.594399 0.583004 0.570467 0.556896 0.542413 0.52715 0.511248 0.494856 0.478133 0.46124 
0.62084 0.613393 0.604557 0.594399 0.583004 0.570467 0.556896 0.542413 0.52715 0.511248 0.494856 0.478133 0.46124 0.444345 0.427617 
0.604557 0.594399 0.583004 0.570467 0.556896 0.542413 0.52715 0.511248 0.494856 0.478133 0.46124 0.444345 0.427617 0.411227 0.395344 
0.583004 0.570467 0.556896 0.542413 0.52715 0.511248 0.494856 0.478133 0.46124 0.444345 0.427617 0.411227 0.395344 0.380136 0.365767 
0.556896 0.542413 0.52715 0.511248 0.494856 0.478133 0.46124 0.444345 0.427617 0.411227 0.395344 0.380136 0.365767 0.352392 0.340161 
0.52715 0.511248 0.494856 0.478133 0.46124 0.444345 0.427617 0.411227 0.395344 0.380136 0.365767 0.352392 0.340161 0.329215 0.319683 
0.494856 0.478133 0.46124 0.444345 0.427617 0.411227 0.395344 0.380136 0.365767 0.352392 0.340161 0.329215 0.319683 0.311682 0.305316 
0.46124 0.444345 0.427617 0.411227 0.395344 0.380136 0.365767 0.352392 0.340161 0.329215 0.319683 0.311682 0.305316 0.300673 0.297826 
0.427617 0.411227 0.395344 0.380136 0.365767 0.352392 0.340161 0.329215 0.319683 0.311682 0.305316 0.300673 0.297826 0.29683 0.297724 
0.395344 0.380136 0.365767 0.352392 0.340161 0.329215 0.319683 0.311682 0.305316 0.300673 0.297826 0.29683 0.297724 0.300526 0.305238 
0.365767 0.352392 0.340161 0.329215 0.319683 0.311682 0.305316 0.300673 0.297826 0.29683 0.297724 0.300526 0.305238 0.311841 0.320296 
0.340161 0.329215 0.319683 0.311682 0.305316 0.300673 0.297826 0.29683 0.297724 0.300526 0.305238 0.311841 0.320296 0.330547 0.342516 
0.319683 0.311682 0.305316 0.300673 0.297826 0.29683 0.297724 0.300526 0.305238 0.311841 0.320296 0.330547 0.342516 0.35611 0.371216 
0.305316 0.300673 0.297826 0.29683 0.297724 0.300526 0.305238 0.311841 0.320296 0.330547 0.342516 0.35611 0.371216 0.387705 0.40543 
0.297826 0.29683 0.297724 0.300526 0.305238 0.311841 0.320296 0.330547 0.342516 0.35611 0.371216 0.387705 0.40543 0.424233 0.44394 
0.297724 0.300526 0.305238 0.311841 0.320296 0.330547 0.342516 0.35611 0.371216 0.387705 0.40543 0.424233 0.44394 0.464365 0.485315 
0.305238 0.311841 0.320296 0.330547 0.342516 0.35611 0.371216 0.387705 0.40543 0.424233 0.44394 0.464365 0.485315 0.506584 0.527965 
0.320296 0.330547 0.342516 0.35611 0.371216 0.387705 0.40543 0.424233 0.44394 0.464365 0.485315 0.506584 0.527965 0.549241 0.570198 
0.342516 0.35611 0.371216 0.387705 0.40543 0.424233 0.44394 0.464365 0.485315 0.506584 0.527965 0.549241 0.570198 0.590618 0.610287 
0.371216 0.387705 0.40543 0.424233 0.44394 0.464365 0.485315 0.506584 0.527965 0.549241 0.570198 0.590618 0.610287 0.628994 0.646536 
0.40543 0.424233 0.44394 0.464365 0.485315 0.506584 0.527965 0.549241 0.570198 0.590618 0.610287 0.628994 0.646536 0.662717 0.677351 
0.44394 0.464365 0.485315 0.506584 0.527965 0.549241 0.570198 0.590618 0.610287 0.628994 0.646536 0.662717 0.677351 0.690268 0.701308 
0.485315 0.506584 0.527965 0.549241 0.570198 0.590618 0.610287 0.628994 0.646536 0.662717 0.677351 0.690268 0.701308 0.710332 0.717216 
0.527965 0.549241 0.570198 0.590618 0.610287 0.628994 0.646536 0.662717 0.677351 0.690268 0.701308 0.710332 0.717216 0.721859 0.72418 
0.570198 0.590618 0.610287 0.628994 0.646536 0.662717 0.677351 0.690268 0.701308 0.710332 0.717216 0.721859 0.72418 0.724122 0.721653 
0.610287 0.628994 0.646536 0.662717 0.677351 0.690268 0.701308 0.710332 0.717216 0.721859 0.72418 0.724122 0.721653 0.716766 0.709481 
0.646536 0.662717 0.677351 0.690268 0.701308 0.710332 0.717216 0.721859 0.72418 0.724122 0.721653 0.716766 0.709481 0.699842 0.687919 
0.677351 0.690268 0.701308 0.710332 0.717216 0.721859 0.72418 0.724122 0.721653 0.716766 0.709481 0.699842 0.687919 0.673804 0.657613 
0.701308 0.710332 0.717216 0.721859 0.72418 0.724122 0.721653 0.716766 0.709481 0.699842 0.687919 0.673804 0.657613 0.639481 0.619561 
0.717216 0.721859 0.72418 0.724122 0.721653 0.716766 0.709481 0.699842 0.687919 0.673804 0.657613 0.639481 0.619561 0.598025 0.575061 
0.72418 0.724122 0.721653 0.716766 0.709481 0.699842 0.687919 0.673804 0.657613 0.639481 0.619561 0.598025 0.575061 0.550875 0.525687 
0.721653 0.716766 0.709481 0.699842 0.687919 0.673804 0.657613 0.639481 0.619561 0.598025 0.575061 0.550875 0.525687 0.499732 0.473257 
0.709481 0.699842 0.687919 0.673804 0.657613 0.639481 0.619561 0.598025 0.575061 0.550875 0.525687 0.499732 0.473257 0.446517 0.419777 
0.687919 0.673804 0.657613 0.639481 0.619561 0.598025 0.575061 0.550875 0.525687 0.499732 0.473257 0.446517 0.419777 0.393305 0.367369 
0.657613 0.639481 0.619561 0.598025 0.575061 0.550875 0.525687 0.499732 0.473257 0.446517 0.419777 0.393305 0.367369 0.342239 0.318179 
0.619561 0.598025 0.575061 0.550875 0.525687 0.499732 0.473257 0.446517 0.419777 0.393305 0.367369 0.342239 0.318179 0.295447 0.274292 
0.575061 0.550875 0.525687 0.499732 0.473257 0.446517 0.419777 0.393305 0.367369 0.342239 0.318179 0.295447 0.274292 0.25495 0.237642 
0.525687 0.499732 0.473257 0.446517 0.419777 0.393305 0.367369 0.342239 0.318179 0.295447 0.274292 0.25495 0.237642 0.222575 0.209932 
0.473257 0.446517 0.419777 0.393305 0.367369 0.342239 0.318179 0.295447 0.274292 0.25495 0.237642 0.222575 0.209932 0.199878 0.192553 
0.419777 0.393305 0.367369 0.342239 0.318179 0.295447 0.274292 0.25495 0.237642 0.222575 0.209932 0.199878 0.192553 0.188071 0.186522 
0.367369 0.342239 0.318179 0.295447 0.274292 0.25495 0.237642 0.222575 0.209932 0.199878 0.192553 0.188071 0.186522 0.187963 0.192427 
0.318179 0.295447 0.274292 0.25495 0.237642 0.222575 0.209932 0.199878 0.192553 0.188071 0.186522 0.187963 0.192427 0.199913 0.210392 
0.274292 0.25495 0.237642 0.222575 0.209932 0.199878 0.192553 0.188071 0.186522 0.187963 0.192427 0.199913 0.210392 0.223803 0.240056 
0.237642 0.222575 0.209932 0.199878 0.192553 0.188071 0.186522 0.187963 0.192427 0.199913 0.210392 0.223803 0.240056 0.259029 0.280573 
0.209932 0.199878 0.192553 0.188071 0.186522 0.187963 0.192427 0.199913 0.210392 0.223803 0.240056 0.259029 0.280573 0.304509 0.330632 
0.192553 0.188071 0.186522 0.187963 0.192427 0.199913 0.210392 0.223803 0.240056 0.259029 0.280573 0.304509 0.330632 0.358712 0.388496 
0.186522 0.187963 0.192427 0.199913 0.210392 0.223803 0.240056 0.259029 0.280573 0.304509 0.330632 0.358712 0.388496 0.419708 0.452057 
0.192427 0.199913 0.210392 0.223803 0.240056 0.259029 0.280573 0.304509 0.330632 0.358712 0.388496 0.419708 0.452057 0.485232 0.518911 
0.210392 0.223803 0.240056 0.259029 0.280573 0.304509 0.330632 0.358712 0.388496 0.419708 0.452057 0.485232 0.518911 0.552762 0.586445 
0.240056 0.259029 0.280573 0.304509 0.330632 0.358712 0.388496 0.419708 0.452057 0.485232 0.518911 0.552762 0.586445 0.619617 0.651933 
0.280573 0.304509 0.330632 0.358712 0.388496 0.419708 0.452057 0.485232 0.518911 0.552762 0.586445 0.619617 0.651933 0.683052 0.712636 
0.330632 0.358712 0.388496 0.419708 0.452057 0.485232 0.518911 0.552762 0.586445 0.619617 0.651933 0.683052 0.712636 0.740359 0.765902 
0.388496 0.419708 0.452057 0.485232 0.518911 0.552762 0.586445 0.619617 0.651933 0.683052 0.712636 0.740359 0.765902 0.788959 0.809239 
0.452057 0.485232 0.518911 0.552762 0.586445 0.619617 0.651933 0.683052 0.712636 0.740359 0.765902 0.788959 0.809239 0.82646 0.840352 
0.518911 0.552762 0.586445 0.619617 0.651933 0.683052 0.712636 0.740359 0.765902 0.788959 0.809239 0.82646 0.840352 0.850646 0.857072 
0.586445 0.619617 0.651933 0.683052 0.712636 0.740359 0.765902 0.788959 0.809239 0.82646 0.840352 0.850646 0.857072 0.859347 0.857174 
0.651933 0.683052 0.712636 0.740359 0.765902 0.788959 0.809239 0.82646 0.840352 0.850646 0.857072 0.859347 0.857174 0.850259 0.838355 
0.712636 0.740359 0.765902 0.788959 0.809239 0.82646 0.840352 0.850646 0.857072 0.859347 0.857174 0.850259 0.838355 0.821362 0.799458 
0.765902 0.788959 0.809239 0.82646 0.840352 0.850646 0.857072 0.859347 0.857174 0.850259 0.838355 0.821362 0.799458 0.773208 0.74356 
0.809239 0.82646 0.840352 0.850646 0.857072 0.859347 0.857174 0.850259 0.838355 0.821362 0.799458 0.773208 0.74356 0.711654 0.678513 
0.840352 0.850646 0.857072 0.859347 0.857174 0.850259 0.838355 0.821362 0.799458 0.773208 0.74356 0.711654 0.678513 0.6448 0.610758 
0.857072 0.859347 0.857174 0.850259 0.838355 0.821362 0.799458 0.773208 0.74356 0.711654 0.678513 0.6448 0.610758 0.576347 0.541446 
0.857174 0.850259 0.838355 0.821362 0.799458 0.773208 0.74356 0.711654 0.678513 0.6448 0.610758 0.576347 0.541446 0.506002 0.470096 
0.838355 0.821362 0.799458 0.773208 0.74356 0.711654 0.678513 0.6448 0.610758 0.576347 0.541446 0.506002 0.470096 0.43393 0.397791 
0.799458 0.773208 0.74356 0.711654 0.678513 0.6448 0.610758 0.576347 0.541446 0.506002 0.470096 0.43393 0.397791 0.362015 0.326954 
0.74356 0.711654 0.678513 0.6448 0.610758 0.576347 0.541446 0.506002 0.470096 0.43393 0.397791 0.362015 0.326954 0.292969 0.260417 
0.678513 0.6448 0.610758 0.576347 0.541446 0.506002 0.470096 0.43393 0.397791 0.362015 0.326954 0.292969 0.260417 0.229646 0.200993 
0.610758 0.576347 0.541446 0.506002 0.470096 0.43393 0.397791 0.362015 0.326954 0.292969 0.260417 0.229646 0.200993 0.174777 0.151299 
0.541446 0.506002 0.470096 0.43393 0.397791 0.362015 0.326954 0.292969 0.260417 0.229646 0.200993 0.174777 0.151299 0.130837 0.113642 
0.470096 0.43393 0.397791 0.362015 0.326954 0.292969 0.260417 0.229646 0.200993 0.174777 0.151299 0.130837 0.113642 0.0999362 0.08991 
0.397791 0.362015 0.326954 0.292969 0.260417 0.229646 0.200993 0.174777 0.151299 0.130837 0.113642 0.0999362 0.08991 0.0837198 0.0814858 
0.326954 0.292969 0.260417 0.229646 0.200993 0.174777 0.151299 0.130837 0.113642 0.0999362 0.08991 0.0837198 0.0814858 0.0832902 0.0891758 
0.260417 0.229646 0.200993 0.174777 0.151299 0.130837 0.113642 0.0999362 0.08991 0.0837198 0.0814858 0.0832902 0.0891758 0.0991448 0.113158 
0.200993 0.174777 0.151299 0.130837 0.113642 0.0999362 0.08991 0.0837198 0.0814858 0.0832902 0.0891758 0.0991448 0.113158 0.131136 0.152958 
0.151299 0.130837 0.113642 0.0999362 0.08991 0.0837198 0.0814858 0.0832902 0.0891758 0.0991448 0.113158 0.131136 0.152958 0.178461 0.207444 
0.113642 0.0999362 0.08991 0.0837198 0.0814858 0.0832902 0.0891758 0.0991448 0.113158 0.131136 0.152958 0.178461 0.207444 0.239668 0.274857 
0.08991 0.0837198 0.0814858 0.0832902 0.0891758 0.0991448 0.113158 0.131136 0.152958 0.178461 0.207444 0.239668 0.274857 0.312701 0.352859 
0.0814858 0.0832902 0.0891758 0.0991448 0.113158 0.131136 0.152958 0.178461 0.207444 0.239668 0.274857 0.312701 0.352859 0.394962 0.438613 
0.0891758 0.0991448 0.113158 0.131136 0.152958 0.178461 0.207444 0.239668 0.274857 0.312701 0.352859 0.394962 0.438613 0.483396 0.528876 
0.113158 0.131136 0.152958 0.178461 0.207444 0.239668 0.274857 0.312701 0.352859 0.394962 0.438613 0.483396 0.528876 0.574604 0.62012 
0.152958 0.178461 0.207444 0.239668 0.274857 0.312701 0.352859 0.394962 0.438613 0.483396 0.528876 0.574604 0.62012 0.66496 0.708655 
0.207444 0.239668 0.274857 0.312701 0.352859 0.394962 0.438613 0.483396 0.528876 0.574604 0.62012 0.66496 0.708655 0.750739 0.790747 
0.274857 0.312701 0.352859 0.394962 0.438613 0.483396 0.528876 0.574604 0.62012 0.66496 0.708655 0.750739 0.790747 0.828218 0.862685 
0.352859 0.394962 0.438613 0.483396 0.528876 0.574604 0.62012 0.66496 0.708655 0.750739 0.790747 0.828218 0.862685 0.893656 0.920571 
0.438613 0.483396 0.528876 0.574604 0.62012 0.66496 0.708655 0.750739 0.790747 0.828218 0.862685 0.893656 0.920571 0.942687 0.958832 
0.528876 0.574604 0.62012 0.66496 0.708655 0.750739 0.790747 0.828218 0.862685 0.893656 0.920571 0.942687 0.958832 0.966873 0.962721 
0.62012 0.66496 0.708655 0.750739 0.790747 0.828218 0.862685 0.893656 0.920571 0.942687 0.958832 0.966873 0.962721 0.939131 0.886739 
0.708655 0.750739 0.790747 0.828218 0.862685 0.893656 0.920571 0.942687 0.958832 0.966873 0.962721 0.939131 0.886739 0.803031 0.705594 
0.790747 0.828218 0.862685 0.893656 0.920571 0.942687 0.958832 0.966873 0.962721 0.939131 0.886739 0.803031 0.705594 0.623046 0.568022 
0.862685 0.893656 0.920571 0.942687 0.958832 0.966873 0.962721 0.939131 0.886739 0.803031 0.705594 0.623046 0.568022 0.534771 0.513582 
0.920571 0.942687 0.958832 0.966873 0.962721 0.939131 0.886739 0.803031 0.705594 0.623046 0.568022 0.534771 0.513582 0.497907 0.484467 
0.958832 0.966873 0.962721 0.939131 0.886739 0.803031 0.705594 0.623046 0.568022 0.534771 0.513582 0.497907 0.484467 0.471872 0.459618 
0.962721 0.939131 0.886739 0.803031 0.705594 0.623046 0.568022 0.534771 0.513582 0.497907 0.484467 0.471872 0.459618 0.447586 0.435809 
0.886739 0.803031 0.705594 0.623046 0.568022 0.534771 0.513582 0.497907 0.484467 0.471872 0.459618 0.447586 0.435809 0.424377 0.4134 
0.705594 0.623046 0.568022 0.534771 0.513582 0.497907 0.484467 0.471872 0.459618 0.447586 0.435809 0.424377 0.4134 0.402991 0.393262 
0.568022 0.534771 0.513582 0.497907 0.484467 0.471872 0.459618 0.447586 0.435809 0.424377 0.4134 0.402991 0.393262 0.384321 0.37627 
0.513582 0.497907 0.484467 0.471872 0.459618 0.447586 0.435809 0.424377 0.4134 0.402991 0.393262 0.384321 0.37627 0.369203 0.363206 
0.484467 0.471872 0.459618 0.447586 0.435809 0.424377 0.4134 0.402991 0.393262 0.384321 0.37627 0.369203 0.363206 0.358355 0.354716 
0.459618 0.447586 0.435809 0.424377 0.4134 0.402991 0.393262 0.384321 0.37627 0.369203 0.363206 0.358355 0.354716 0.352344 0.351283 
0.435809 0.424377 0.4134 0.402991 0.393262 0.384321 0.37627 0.369203 0.363206 0.358355 0.354716 0.352344 0.351283 0.351562 0.353198 
0.4134 0.402991 0.393262 0.384321 0.37627 0.369203 0.363206 0.358355 0.354716 0.352344 0.351283 0.351562 0.353198 0.356196 0.360546 
0.393262 0.384321 0.37627 0.369203 0.363206 0.358355 0.354716 0.352344 0.351283 0.351562 0.353198 0.356196 0.360546 0.366224 0.373194 
0.37627 0.369203 0.363206 0.358355 0.354716 0.352344 0.351283 0.351562 0.353198 0.356196 0.360546 0.366224 0.373194 0.381404 0.39079 
0.363206 0.358355 0.354716 0.352344 0.351283 0.351562 0.353198 0.356196 0.360546 0.366224 0.373194 0.381404 0.39079 0.401275 0.412771 
0.354716 0.352344 0.351283 0.351562 0.353198 0.356196 0.360546 0.366224 0.373194 0.381404 0.39079 0.401275 0.412771 0.425177 0.438382 
0.351283 0.351562 0.353198 0.356196 0.360546 0.366224 0.373194 0.381404 0.39079 0.401275 0.412771 0.425177 0.438382 0.452263 0.466692 
0.353198 0.356196 0.360546 0.366224 0.373194 0.381404 0.39079 0.401275 0.412771 0.425177 0.438382 0.452263 0.466692 0.481532 0.496639 
0.360546 0.366224 0.373194 0.381404 0.39079 0.401275 0.412771 0.425177 0.438382 0.452263 0.466692 0.481532 0.496639 0.511865 0.527057 
0.373194 0.381404 0.39079 0.401275 0.412771 0.425177 0.438382 0.452263 0.466692 0.481532 0.496639 0.511865 0.527057 0.542063 0.556728 
0.39079 0.401275 0.412771 0.425177 0.438382 0.452263 0.466692 0.481532 0.496639 0.511865 0.527057 0.542063 0.556728 0.570898 0.584425 
0.412771 0.425177 0.438382 0.452263 0.466692 0.481532 0.496639 0.511865 0.527057 0.542063 0.556728 0.570898 0.584425 0.59716 0.608964 
0.438382 0.452263 0.466692 0.481532 0.496639 0.511865 0.527057 0.542063 0.556728 0.570898 0.584425 0.59716 0.608964 0.619703 0.629254 
0.466692 0.481532 0.496639 0.511865 0.527057 0.542063 0.556728 0.570898 0.584425 0.59716 0.608964 0.619703 0.629254 0.637502 0.644343 
0.496639 0.511865 0.527057 0.542063 0.556728 0.570898 0.584425 0.59716 0.608964 0.619703 0.629254 0.637502 0.644343 0.64969 0.653464 
0.527057 0.542063 0.556728 0.570898 0.584425 0.59716 0.608964 0.619703 0.629254 0.637502 0.644343 0.64969 0.653464 0.655606 0.65607 
0.556728 0.570898 0.584425 0.59716 0.608964 0.619703 0.629254 0.637502 0.644343 0.64969 0.653464 0.655606 0.65607 0.654827 0.651866 
0.584425 0.59716 0.608964 0.619703 0.629254 0.637502 0.644343 0.64969 0.653464 0.655606 0.65607 0.654827 0.651866 0.647192 0.640829 
0.608964 0.619703 0.629254 0.637502 0.644343 0.64969 0.653464 0.655606 0.65607 0.654827 0.651866 0.647192 0.640829 0.632816 0.623211 
0.629254 0.637502 0.644343 0.64969 0.653464 0.655606 0.65607 0.654827 0.651866 0.647192 0.640829 0.632816 0.623211 0.612087 0.599535 
0.644343 0.64969 0.653464 0.655606 0.65607 0.654827 0.651866 0.647192 0.640829 0.632816 0.623211 0.612087 0.599535 0.585659 0.57058 
0.653464 0.655606 0.65607 0.654827 0.651866 0.647192 0.640829 0.632816 0.623211 0.612087 0.599535 0.585659 0.57058 0.55443 0.537355 
0.65607 0.654827 0.651866 0.647192 0.640829 0.632816 0.623211 0.612087 0.599535 0.585659 0.57058 0.55443 0.537355 0.519513 0.50107 
0.651866 0.647192 0.640829 0.632816 0.623211 0.612087 0.599535 0.585659 0.57058 0.55443 0.537355 0.519513 0.50107 0.482202 0.463093 
0.640829 0.632816 0.623211 0.612087 0.599535 0.585659 0.57058 0.55443 0.537355 0.519513 0.50107 0.482202 0.463093 0.44393 0.424905 
0.623211 0.612087 0.599535 0.585659 0.57058 0.55443 0.537355 0.519513 0.50107 0.482202 0.463093 0.44393 0.424905 0.406211 0.38804 
0.599535 0.585659 0.57058 0.55443 0.537355 0.519513 0.50107 0.482202 0.463093 0.44393 0.424905 0.406211 0.38804 0.370583 0.354026 
0.57058 0.55443 0.537355 0.519513 0.50107 0.482202 0.463093 0.44393 0.424905 0.406211 0.38804 0.370583 0.354026 0.33855 0.324325 
0.537355 0.519513 0.50107 0.482202 0.463093 0.44393 0.424905 0.406211 0.38804 0.370583 0.354026 0.33855 0.324325 0.311514 0.300268 
0.50107 0.482202 0.463093 0.44393 0.424905 0.406211 0.38804 0.370583 0.354026 0.33855 0.324325 0.311514 0.300268 0.290722 0.282999 
0.463093 0.44393 0.424905 0.406211 0.38804 0.370583 0.354026 0.33855 0.324325 0.311514 0.300268 0.290722 0.282999 0.277202 0.273421 
0.424905 0.406211 0.38804 0.370583 0.354026 0.33855 0.324325 0.311514 0.300268 0.290722 0.282999 0.277202 0.273421 0.271723 0.272156 
0.38804 0.370583 0.354026 0.33855 0.324325 0.311514 0.300268 0.290722 0.282999 0.277202 0.273421 0.271723 0.272156 0.274749 0.279507 
