0.481072
0.483524
0.485706
0.487661
0.489431
0.491051
0.492554
0.493969
0.495322
0.496638
0.497939
0.499245
0.500576
0.501951
0.503386
0.504901
0.506511
0.508236
0.510094
0.512103
0.514284
0.516658
0.519249
0.522081
0.525181
0.528579
0.532306
0.536398
0.540892
0.545831
0.551259
0.557227
0.563787
0.570998
0.578922
0.587625
0.597178
0.607653
0.619126
0.631673
0.645366
0.660273
0.67645
0.693939
0.712754
0.732878
0.754245
0.776732
0.800136
0.824167
0.848429
0.872409
0.895481
0.916912
0.935891
0.951569
0.963124
0.969834
0.971148
0.966756
0.956629
0.941028
0.920486
0.895748
0.8677
0.83729
0.805456
0.773062
0.74086
0.70947
0.679374
0.650917
0.624328
0.599732
0.577172
0.556625
0.538019
0.521248
0.506181
0.492674
0.480574
0.469728
0.459986
0.451201
0.443235
0.435958
0.429247
0.422989
0.417081
0.411426
0.405936
0.40053
0.395134
0.389678
0.384099
0.378337
0.372339
0.366052
0.359429
0.352426
0.345002
0.337119
0.328745
0.319851
0.310415
0.300422
0.289865
0.27875
0.267093
0.254927
0.242304
0.229298
0.216005
0.202551
0.189088
0.1758
0.162899
0.150623
0.139234
0.129004
0.120211
0.113123
0.107982
0.104994
0.104308
0.10601
0.110114
0.116555
0.125198
0.13584
0.148224
0.162055
0.177015
0.192777
0.209024
0.225457
0.241805
0.257833
0.273341
0.288169
0.302192
0.31532
0.327494
0.338678
0.34886
0.358048
0.366259
0.373523
0.379879
0.385367
0.390033
0.39392
0.397072
0.399532
0.401338
0.402526
0.403126
0.403167
0.402669
0.401652
0.400127
0.398105
0.395588
0.392578
0.389069
0.385053
0.380519
0.375452
0.369832
0.36364
0.356852
0.349444
0.341392
0.332672
0.323261
0.313142
0.302301
0.290733
0.278445
0.265456
0.251804
0.237549
0.22278
0.207613
0.192203
0.176741
0.161461
0.146636
0.132575
0.119616
0.108118
0.0984405
0.0909272
0.0858841
0.0835573
0.0841136
0.0876251
0.094061
0.103287
0.115074
0.129112
0.145033
0.16243
0.180884
0.199987
0.219352
0.238634
0.257535
0.275806
0.293251
0.309724
0.325122
0.339382
0.352474
0.364396
0.375168
0.384827
0.393419
0.401003
0.407639
0.413391
0.418323
0.422495
0.425968
0.428795
0.431028
0.432712
0.433888
0.434592
0.434852
0.434694
0.434138
0.433199
0.431887
0.430208
0.428163
0.425749
0.422959
0.419781
0.416202
0.412201
0.407756
0.402841
0.397425
0.391477
0.384958
0.37783
0.37005
0.361576
0.352362
0.342364
0.331538
0.319845
0.307252
0.293735
0.279283
0.263903
0.247628
0.230519
0.212678
0.194251
0.17544
0.156504
0.137768
0.119621
0.102514
0.0869406
0.0734259
0.0624929
0.0546301
0.0502533
0.049669
0.0530434
0.0603832
0.0715305
0.0861738
0.103872
0.124091
0.146242
0.169722
0.193949
0.21839
0.242577
0.266122
0.288715
0.310126
0.330196
0.348827
0.365975
0.381638
0.395851
0.408669
0.420169
0.43044
0.439576
0.447675
0.454837
0.461158
0.466729
0.47164
0.475972
0.4798
0.483196
0.486223
0.488939
0.491398
0.493647
0.49573
0.497686
0.499551
0.501357
0.503136
0.504914
0.506718
0.508574
0.510504
0.512533
0.514684
0.516981
0.519448
0.522109
0.524991
0.528121
0.531529
0.535246
0.539306
0.543746
0.548605
0.553925
0.559753
0.566137
0.573133
0.580795
0.589185
0.598366
0.608404
0.619365
0.631318
0.644326
0.658449
0.673736
0.690223
0.707922
0.726817
0.746852
0.767918
0.789843
0.812376
0.835179
0.857813
0.879741
0.900329
0.918872
0.93462
0.94683
0.954826
0.958059
0.956169
0.949027
0.936757
0.919729
0.898524
0.873875
0.846609
0.817573
0.787582
0.757373
0.727575
0.6987
0.671137
0.645164
0.620958
0.598608
0.578138
0.559515
0.542668
0.527494
0.513872
0.50167
0.490752
0.480977
0.472209
0.464318
0.457178
0.450673
0.444691
0.439131
0.4339
0.428909
0.42408
0.419337
0.414613
0.409843
0.404968
0.399931
0.394679
0.389162
0.383331
0.377138
0.370538
0.363488
0.355944
0.347866
0.339217
0.329962
0.32007
0.309517
0.298286
0.286372
0.273781
0.260536
0.24668
0.23228
0.217432
0.202265
0.186943
0.17167
0.156689
0.142283
0.128766
0.11648
0.105775
0.0970007
0.0904804
0.0864927
0.0852504
0.0868823
0.0914215
0.0987994
0.108849
0.121314
0.135869
0.152137
0.169712
0.188186
0.207164
0.22628
0.24521
0.263676
0.281454
0.298365
0.314281
0.329113
0.342809
0.35535
0.36674
0.377004
0.38618
0.394319
0.401477
0.407714
0.413093
0.417675
0.421519
0.424682
0.427216
0.429167
0.43058
0.431491
0.431933
0.431933
0.431513
0.43069
0.429477
0.42788
0.425903
0.423544
0.420798
0.417656
0.414102
0.41012
0.405689
0.400782
0.395372
0.389426
0.38291
0.375784
0.36801
0.359544
0.350345
0.340369
0.329576
0.317928
0.305396
0.291959
0.27761
0.262359
0.246242
0.229327
0.211716
0.193558
0.175057
0.156471
0.138123
0.120395
0.103728
0.088604
0.0755305
0.0650112
0.0575135
0.0534327
0.0530565
0.0565373
0.0638736
0.0749063
0.0893293
0.106714
0.126542
0.148244
0.171237
0.194958
0.21889
0.242579
0.265648
0.287795
0.308793
0.328486
0.346775
0.363616
0.379004
0.39297
0.405566
0.416866
0.426952
0.435918
0.443857
0.450865
0.457034
0.462454
0.46721
0.471381
0.47504
0.478256
0.48109
0.483597
0.485828
0.487829
0.489641
0.4913
0.49284
0.494291
0.495679
0.497029
0.498365
0.499706
0.501073
0.502486
0.503961
0.505517
0.507172
0.508945
0.510854
0.512919
0.515161
0.517601
0.520263
0.523173
0.526358
0.529848
0.533677
0.537879
0.542494
0.547564
0.553135
0.559259
0.565988
0.573383
0.581506
0.590425
0.600209
0.610933
0.62267
0.635496
0.649481
0.66469
0.681175
0.69897
0.718081
0.738478
0.760082
0.782748
0.806253
0.830282
0.854408
0.878094
0.900688
0.921437
0.939523
0.954107
0.964392
0.9697
0.969544
0.963685
0.95217
0.935333
0.91376
0.888233
0.859653
0.828965
0.797084
0.764842
0.732956
0.702007
0.672437
0.644562
0.618581
0.594599
0.57264
0.552669
0.534605
0.518337
0.503731
0.49064
0.478914
0.468401
0.458952
0.450423
0.442678
0.43559
0.42904
0.422917
0.41712
0.411555
0.406136
0.400784
0.395426
0.389994
0.384427
0.378666
0.372656
0.366349
0.359695
0.352652
0.345178
0.337237
0.328795
0.319825
0.310304
0.300216
0.289556
0.278329
0.266552
0.254259
0.241504
0.22836
0.214928
0.201336
0.18774
0.174327
0.161315
0.148948
0.137492
0.127225
0.118432
0.111382
0.106322
0.103458
0.102938
0.104846
0.109189
0.115897
0.124824
0.13576
0.148439
0.162557
0.177788
0.193802
0.210275
0.226907
0.243426
0.259596
0.27522
0.290137
0.304228
0.317404
0.329608
0.340808
0.350996
0.36018
0.368381
0.375633
0.381972
0.387444
0.392094
0.395967
0.399108
0.401561
0.403364
0.404553
0.405161
0.405214
0.404735
0.403742
0.402248
0.400262
0.397789
0.394828
0.391374
0.38742
0.382953
0.377958
0.372416
0.366306
0.359604
0.352285
0.344324
0.335695
0.326373
0.316339
0.305576
0.294076
0.281841
0.268885
0.255243
0.240967
0.226138
0.210867
0.195301
0.179625
0.164066
0.148892
0.134411
0.120964
0.108913
0.0986288
0.0904691
0.0847591
0.0817673
0.0816847
0.084608
0.0905288
0.0993317
0.110801
0.124634
0.140463
0.157878
0.176451
0.195759
0.215402
0.235019
0.254296
0.272971
0.290835
0.30773
0.323547
0.338214
0.351698
0.363993
0.375117
0.385107
0.394009
0.401883
0.40879
0.414796
0.419967
0.424366
0.428055
0.431092
0.433528
0.435414
0.43679
0.437696
0.438163
0.438218
0.437884
0.437177
0.436111
0.434693
0.432926
0.43081
0.42834
0.425507
0.422297
0.418696
0.414682
0.41023
0.405314
0.399902
0.39396
0.387449
0.380328
0.372554
0.364081
0.354862
0.34485
0.333998
0.322266
0.309614
0.296016
0.281455
0.265936
0.249484
0.232158
0.214053
0.195313
0.176135
0.15678
0.137575
0.118916
0.101263
0.0851261
0.0710498
0.0595814
0.0512356
0.0464552
0.0455709
0.0487685
0.0560669
0.0673118
0.0821862
0.100236
0.120907
0.143588
0.167651
0.19249
0.21755
0.242347
0.266478
0.289625
0.311549
0.33209
0.351149
0.368683
0.384694
0.399218
0.412317
0.424072
0.434575
0.443926
0.452229
0.459585
0.466095
0.471856
0.476959
0.481489
0.485525
0.489141
0.492404
0.495374
0.498108
0.500656
0.503066
0.505378
0.507633
0.509866
0.512111
0.514401
0.516764
0.519232
0.521832
0.524593
0.527545
0.530718
0.534141
0.537848
0.541871
0.546248
0.551015
0.556215
0.561889
0.568085
0.574853
0.582244
0.590314
0.59912
0.608724
0.619185
0.630563
0.642917
0.656299
0.670753
0.686312
0.702987
0.720765
0.739597
0.759391
0.78
0.801209
0.822728
0.844181
0.865104
0.884951
0.903101
0.918892
0.931652
0.940746
0.945637
0.94593
0.941421
0.932124
0.918272
0.9003
0.878804
0.854492
0.828122
0.800451
0.772187
0.743962
0.716306
0.689643
0.664292
0.640477
0.618334
0.597929
0.579268
0.562313
0.546992
0.53321
0.520854
0.509804
0.499933
0.491117
0.483232
0.476161
0.46979
0.464015
0.458737
0.453864
0.449313
0.445005
0.440868
0.436837
0.43285
0.428849
0.42478
0.420593
0.416239
0.41167
0.406842
0.401709
0.396226
0.390349
0.384034
0.377236
0.36991
0.362011
0.353496
0.34432
0.334445
0.323832
0.312451
0.300278
0.2873
0.273518
0.258953
0.243649
0.227677
0.211146
0.194204
0.177046
0.159916
0.143111
0.126976
0.111903
0.0983139
0.0866458
0.0773277
0.0707531
0.0672504
0.0670561
0.0702918
0.0769511
0.0868963
0.0998669
0.115499
0.13335
0.152933
0.173743
0.195289
0.21711
0.238801
0.260013
0.280464
0.299935
0.318267
0.335356
0.351143
0.365608
0.378764
0.390646
0.401308
0.410816
0.419246
0.426676
0.433186
0.438857
0.443765
0.447985
0.451583
0.454624
0.457166
0.45926
0.460955
0.46229
0.463302
0.464024
0.46448
0.464694
0.464683
0.464464
