0.481072 0.483524 0.485706 0.487661 0.489431 0.491051 0.492554 0.493969 0.495322 0.496638 0.497939 0.499245 0.500576 0.501951 0.503386 
0.485706 0.487661 0.489431 0.491051 0.492554 0.493969 0.495322 0.496638 0.497939 0.499245 0.500576 0.501951 0.503386 0.504901 0.506511 
0.489431 0.491051 0.492554 0.493969 0.495322 0.496638 0.497939 0.499245 0.500576 0.501951 0.503386 0.504901 0.506511 0.508236 0.510094 
0.492554 0.493969 0.495322 0.496638 0.497939 0.499245 0.500576 0.501951 0.503386 0.504901 0.506511 0.508236 0.510094 0.512103 0.514284 
0.495322 0.496638 0.497939 0.499245 0.500576 0.501951 0.503386 0.504901 0.506511 0.508236 0.510094 0.512103 0.514284 0.516658 0.519249 
0.497939 0.499245 0.500576 0.501951 0.503386 0.504901 0.506511 0.508236 0.510094 0.512103 0.514284 0.516658 0.519249 0.522081 0.525181 
0.500576 0.501951 0.503386 0.504901 0.506511 0.508236 0.510094 0.512103 0.514284 0.516658 0.519249 0.522081 0.525181 0.528579 0.532306 
0.503386 0.504901 0.506511 0.508236 0.510094 0.512103 0.514284 0.516658 0.519249 0.522081 0.525181 0.528579 0.532306 0.536398 0.540892 
0.506511 0.508236 0.510094 0.512103 0.514284 0.516658 0.519249 0.522081 0.525181 0.528579 0.532306 0.536398 0.540892 0.545831 0.551259 
0.510094 0.512103 0.514284 0.516658 0.519249 0.522081 0.525181 0.528579 0.532306 0.536398 0.540892 0.545831 0.551259 0.557227 0.563787 
0.514284 0.516658 0.519249 0.522081 0.525181 0.528579 0.532306 0.536398 0.540892 0.545831 0.551259 0.557227 0.563787 0.570998 0.578922 
0.519249 0.522081 0.525181 0.528579 0.532306 0.536398 0.540892 0.545831 0.551259 0.557227 0.563787 0.570998 0.578922 0.587625 0.597178 
0.525181 0.528579 0.532306 0.536398 0.540892 0.545831 0.551259 0.557227 0.563787 0.570998 0.578922 0.587625 0.597178 0.607653 0.619126 
0.532306 0.536398 0.540892 0.545831 0.551259 0.557227 0.563787 0.570998 0.578922 0.587625 0.597178 0.607653 0.619126 0.631673 0.645366 
0.540892 0.545831 0.551259 0.557227 0.563787 0.570998 0.578922 0.587625 0.597178 0.607653 0.619126 0.631673 0.645366 0.660273 0.67645 
0.551259 0.557227 0.563787 0.570998 0.578922 0.587625 0.597178 0.607653 0.619126 0.631673 0.645366 0.660273 0.67645 0.693939 0.712754 
0.563787 0.570998 0.578922 0.587625 0.597178 0.607653 0.619126 0.631673 0.645366 0.660273 0.67645 0.693939 0.712754 0.732878 0.754245 
0.578922 0.587625 0.597178 0.607653 0.619126 0.631673 0.645366 0.660273 0.67645 0.693939 0.712754 0.732878 0.754245 0.776732 0.800136 
0.597178 0.607653 0.619126 0.631673 0.645366 0.660273 0.67645 0.693939 0.712754 0.732878 0.754245 0.776732 0.800136 0.824167 0.848429 
0.619126 0.631673 0.645366 0.660273 0.67645 0.693939 0.712754 0.732878 0.754245 0.776732 0.800136 0.824167 0.848429 0.872409 0.895481 
0.645366 0.660273 0.67645 0.693939 0.712754 0.732878 0.754245 0.776732 0.800136 0.824167 0.848429 0.872409 0.895481 0.916912 0.935891 
0.67645 0.693939 0.712754 0.732878 0.754245 0.776732 0.800136 0.824167 0.848429 0.872409 0.895481 0.916912 0.935891 0.951569 0.963124 
0.712754 0.732878 0.754245 0.776732 0.800136 0.824167 0.848429 0.872409 0.895481 0.916912 0.935891 0.951569 0.963124 0.969834 0.971148 
0.754245 0.776732 0.800136 0.824167 0.848429 0.872409 0.895481 0.916912 0.935891 0.951569 0.963124 0.969834 0.971148 0.966756 0.956629 
0.800136 0.824167 0.848429 0.872409 0.895481 0.916912 0.935891 0.951569 0.963124 0.969834 0.971148 0.966756 0.956629 0.941028 0.920486 
0.848429 0.872409 0.895481 0.916912 0.935891 0.951569 0.963124 0.969834 0.971148 0.966756 0.956629 0.941028 0.920486 0.895748 0.8677 
0.895481 0.916912 0.935891 0.951569 0.963124 0.969834 0.971148 0.966756 0.956629 0.941028 0.920486 0.895748 0.8677 0.83729 0.805456 
0.935891 0.951569 0.963124 0.969834 0.971148 0.966756 0.956629 0.941028 0.920486 0.895748 0.8677 0.83729 0.805456 0.773062 0.74086 
0.963124 0.969834 0.971148 0.966756 0.956629 0.941028 0.920486 0.895748 0.8677 0.83729 0.805456 0.773062 0.74086 0.70947 0.679374 
0.971148 0.966756 0.956629 0.941028 0.920486 0.895748 0.8677 0.83729 0.805456 0.773062 0.74086 0.70947 0.679374 0.650917 0.624328 
0.956629 0.941028 0.920486 0.895748 0.8677 0.83729 0.805456 0.773062 0.74086 0.70947 0.679374 0.650917 0.624328 0.599732 0.577172 
0.920486 0.895748 0.8677 0.83729 0.805456 0.773062 0.74086 0.70947 0.679374 0.650917 0.624328 0.599732 0.577172 0.556625 0.538019 
0.8677 0.83729 0.805456 0.773062 0.74086 0.70947 0.679374 0.650917 0.624328 0.599732 0.577172 0.556625 0.538019 0.521248 0.506181 
0.805456 0.773062 0.74086 0.70947 0.679374 0.650917 0.624328 0.599732 0.577172 0.556625 0.538019 0.521248 0.506181 0.492674 0.480574 
0.74086 0.70947 0.679374 0.650917 0.624328 0.599732 0.577172 0.556625 0.538019 0.521248 0.506181 0.492674 0.480574 0.469728 0.459986 
0.679374 0.650917 0.624328 0.599732 0.577172 0.556625 0.538019 0.521248 0.506181 0.492674 0.480574 0.469728 0.459986 0.451201 0.443235 
0.624328 0.599732 0.577172 0.556625 0.538019 0.521248 0.506181 0.492674 0.480574 0.469728 0.459986 0.451201 0.443235 0.435958 0.429247 
0.577172 0.556625 0.538019 0.521248 0.506181 0.492674 0.480574 0.469728 0.459986 0.451201 0.443235 0.435958 0.429247 0.422989 0.417081 
0.538019 0.521248 0.506181 0.492674 0.480574 0.469728 0.459986 0.451201 0.443235 0.435958 0.429247 0.422989 0.417081 0.411426 0.405936 
0.506181 0.492674 0.480574 0.469728 0.459986 0.451201 0.443235 0.435958 0.429247 0.422989 0.417081 0.411426 0.405936 0.40053 0.395134 
0.480574 0.469728 0.459986 0.451201 0.443235 0.435958 0.429247 0.422989 0.417081 0.411426 0.405936 0.40053 0.395134 0.389678 0.384099 
0.459986 0.451201 0.443235 0.435958 0.429247 0.422989 0.417081 0.411426 0.405936 0.40053 0.395134 0.389678 0.384099 0.378337 0.372339 
0.443235 0.435958 0.429247 0.422989 0.417081 0.411426 0.405936 0.40053 0.395134 0.389678 0.384099 0.378337 0.372339 0.366052 0.359429 
0.429247 0.422989 0.417081 0.411426 0.405936 0.40053 0.395134 0.389678 0.384099 0.378337 0.372339 0.366052 0.359429 0.352426 0.345002 
0.417081 0.411426 0.405936 0.40053 0.395134 0.389678 0.384099 0.378337 0.372339 0.366052 0.359429 0.352426 0.345002 0.337119 0.328745 
0.405936 0.40053 0.395134 0.389678 0.384099 0.378337 0.372339 0.366052 0.359429 0.352426 0.345002 0.337119 0.328745 0.319851 0.310415 
0.395134 0.389678 0.384099 0.378337 0.372339 0.366052 0.359429 0.352426 0.345002 0.337119 0.328745 0.319851 0.310415 0.300422 0.289865 
0.384099 0.378337 0.372339 0.366052 0.359429 0.352426 0.345002 0.337119 0.328745 0.319851 0.310415 0.300422 0.289865 0.27875 0.267093 
0.372339 0.366052 0.359429 0.352426 0.345002 0.337119 0.328745 0.319851 0.310415 0.300422 0.289865 0.27875 0.267093 0.254927 0.242304 
0.359429 0.352426 0.345002 0.337119 0.328745 0.319851 0.310415 0.300422 0.289865 0.27875 0.267093 0.254927 0.242304 0.229298 0.216005 
0.345002 0.337119 0.328745 0.319851 0.310415 0.300422 0.289865 0.27875 0.267093 0.254927 0.242304 0.229298 0.216005 0.202551 0.189088 
0.328745 0.319851 0.310415 0.300422 0.289865 0.27875 0.267093 0.254927 0.242304 0.229298 0.216005 0.202551 0.189088 0.1758 0.162899 
0.310415 0.300422 0.289865 0.27875 0.267093 0.254927 0.242304 0.229298 0.216005 0.202551 0.189088 0.1758 0.162899 0.150623 0.139234 
0.289865 0.27875 0.267093 0.254927 0.242304 0.229298 0.216005 0.202551 0.189088 0.1758 0.162899 0.150623 0.139234 0.129004 0.120211 
0.267093 0.254927 0.242304 0.229298 0.216005 0.202551 0.189088 0.1758 0.162899 0.150623 0.139234 0.129004 0.120211 0.113123 0.107982 
0.242304 0.229298 0.216005 0.202551 0.189088 0.1758 0.162899 0.150623 0.139234 0.129004 0.120211 0.113123 0.107982 0.104994 0.104308 
0.216005 0.202551 0.189088 0.1758 0.162899 0.150623 0.139234 0.129004 0.120211 0.113123 0.107982 0.104994 0.104308 0.10601 0.110114 
0.189088 0.1758 0.162899 0.150623 0.139234 0.129004 0.120211 0.113123 0.107982 0.104994 0.104308 0.10601 0.110114 0.116555 0.125198 
0.162899 0.150623 0.139234 0.129004 0.120211 0.113123 0.107982 0.104994 0.104308 0.10601 0.110114 0.116555 0.125198 0.13584 0.148224 
0.139234 0.129004 0.120211 0.113123 0.107982 0.104994 0.104308 0.10601 0.110114 0.116555 0.125198 0.13584 0.148224 0.162055 0.177015 
0.120211 0.113123 0.107982 0.104994 0.104308 0.10601 0.110114 0.116555 0.125198 0.13584 0.148224 0.162055 0.177015 0.192777 0.209024 
0.107982 0.104994 0.104308 0.10601 0.110114 0.116555 0.125198 0.13584 0.148224 0.162055 0.177015 0.192777 0.209024 0.225457 0.241805 
0.104308 0.10601 0.110114 0.116555 0.125198 0.13584 0.148224 0.162055 0.177015 0.192777 0.209024 0.225457 0.241805 0.257833 0.273341 
0.110114 0.116555 0.125198 0.13584 0.148224 0.162055 0.177015 0.192777 0.209024 0.225457 0.241805 0.257833 0.273341 0.288169 0.302192 
0.125198 0.13584 0.148224 0.162055 0.177015 0.192777 0.209024 0.225457 0.241805 0.257833 0.273341 0.288169 0.302192 0.31532 0.327494 
0.148224 0.162055 0.177015 0.192777 0.209024 0.225457 0.241805 0.257833 0.273341 0.288169 0.302192 0.31532 0.327494 0.338678 0.34886 
0.177015 0.192777 0.209024 0.225457 0.241805 0.257833 0.273341 0.288169 0.302192 0.31532 0.327494 0.338678 0.34886 0.358048 0.366259 
0.209024 0.225457 0.241805 0.257833 0.273341 0.288169 0.302192 0.31532 0.327494 0.338678 0.34886 0.358048 0.366259 0.373523 0.379879 
0.241805 0.257833 0.273341 0.288169 0.302192 0.31532 0.327494 0.338678 0.34886 0.358048 0.366259 0.373523 0.379879 0.385367 0.390033 
0.273341 0.288169 0.302192 0.31532 0.327494 0.338678 0.34886 0.358048 0.366259 0.373523 0.379879 0.385367 0.390033 0.39392 0.397072 
0.302192 0.31532 0.327494 0.338678 0.34886 0.358048 0.366259 0.373523 0.379879 0.385367 0.390033 0.39392 0.397072 0.399532 0.401338 
0.327494 0.338678 0.34886 0.358048 0.366259 0.373523 0.379879 0.385367 0.390033 0.39392 0.397072 0.399532 0.401338 0.402526 0.403126 
0.34886 0.358048 0.366259 0.373523 0.379879 0.385367 0.390033 0.39392 0.397072 0.399532 0.401338 0.402526 0.403126 0.403167 0.402669 
0.366259 0.373523 0.379879 0.385367 0.390033 0.39392 0.397072 0.399532 0.401338 0.402526 0.403126 0.403167 0.402669 0.401652 0.400127 
0.379879 0.385367 0.390033 0.39392 0.397072 0.399532 0.401338 0.402526 0.403126 0.403167 0.402669 0.401652 0.400127 0.398105 0.395588 
0.390033 0.39392 0.397072 0.399532 0.401338 0.402526 0.403126 0.403167 0.402669 0.401652 0.400127 0.398105 0.395588 0.392578 0.389069 
0.397072 0.399532 0.401338 0.402526 0.403126 0.403167 0.402669 0.401652 0.400127 0.398105 0.395588 0.392578 0.389069 0.385053 0.380519 
0.401338 0.402526 0.403126 0.403167 0.402669 0.401652 0.400127 0.398105 0.395588 0.392578 0.389069 0.385053 0.380519 0.375452 0.369832 
0.403126 0.403167 0.402669 0.401652 0.400127 0.398105 0.395588 0.392578 0.389069 0.385053 0.380519 0.375452 0.369832 0.36364 0.356852 
0.402669 0.401652 0.400127 0.398105 0.395588 0.392578 0.389069 0.385053 0.380519 0.375452 0.369832 0.36364 0.356852 0.349444 0.341392 
0.400127 0.398105 0.395588 0.392578 0.389069 0.385053 0.380519 0.375452 0.369832 0.36364 0.356852 0.349444 0.341392 0.332672 0.323261 
0.395588 0.392578 0.389069 0.385053 0.380519 0.375452 0.369832 0.36364 0.356852 0.349444 0.341392 0.332672 0.323261 0.313142 0.302301 
0.389069 0.385053 0.380519 0.375452 0.369832 0.36364 0.356852 0.349444 0.341392 0.332672 0.323261 0.313142 0.302301 0.290733 0.278445 
0.380519 0.375452 0.369832 0.36364 0.356852 0.349444 0.341392 0.332672 0.323261 0.313142 0.302301 0.290733 0.278445 0.265456 0.251804 
0.369832 0.36364 0.356852 0.349444 0.341392 0.332672 0.323261 0.313142 0.302301 0.290733 0.278445 0.265456 0.251804 0.237549 0.22278 
0.356852 0.349444 0.341392 0.332672 0.323261 0.313142 0.302301 0.290733 0.278445 0.265456 0.251804 0.237549 0.22278 0.207613 0.192203 
0.341392 0.332672 0.323261 0.313142 0.302301 0.290733 0.278445 0.265456 0.251804 0.237549 0.22278 0.207613 0.192203 0.176741 0.161461 
0.323261 0.313142 0.302301 0.290733 0.278445 0.265456 0.251804 0.237549 0.22278 0.207613 0.192203 0.176741 0.161461 0.146636 0.132575 
0.302301 0.290733 0.278445 0.265456 0.251804 0.237549 0.22278 0.207613 0.192203 0.176741 0.161461 0.146636 0.132575 0.119616 0.108118 
0.278445 0.265456 0.251804 0.237549 0.22278 0.207613 0.192203 0.176741 0.161461 0.146636 0.132575 0.119616 0.108118 0.0984405 0.0909272 
0.251804 0.237549 0.22278 0.207613 0.192203 0.176741 0.161461 0.146636 0.132575 0.119616 0.108118 0.0984405 0.0909272 0.0858841 0.0835573 
0.22278 0.207613 0.192203 0.176741 0.161461 0.146636 0.132575 0.119616 0.108118 0.0984405 0.0909272 0.0858841 0.0835573 0.0841136 0.0876251 
0.192203 0.176741 0.161461 0.146636 0.132575 0.119616 0.108118 0.0984405 0.0909272 0.0858841 0.0835573 0.0841136 0.0876251 0.094061 0.103287 
0.161461 0.146636 0.132575 0.119616 0.108118 0.0984405 0.0909272 0.0858841 0.0835573 0.0841136 0.0876251 0.094061 0.103287 0.115074 0.129112 
0.132575 0.119616 0.108118 0.0984405 0.0909272 0.0858841 0.0835573 0.0841136 0.0876251 0.094061 0.103287 0.115074 0.129112 0.145033 0.16243 
0.108118 0.0984405 0.0909272 0.0858841 0.0835573 0.0841136 0.0876251 0.094061 0.103287 0.115074 0.129112 0.145033 0.16243 0.180884 0.199987 
0.0909272 0.0858841 0.0835573 0.0841136 0.0876251 0.094061 0.103287 0.115074 0.129112 0.145033 0.16243 0.180884 0.199987 0.219352 0.238634 
0.0835573 0.0841136 0.0876251 0.094061 0.103287 0.115074 0.129112 0.145033 0.16243 0.180884 0.199987 0.219352 0.238634 0.257535 0.275806 
0.0876251 0.094061 0.103287 0.115074 0.129112 0.145033 0.16243 0.180884 0.199987 0.219352 0.238634 0.257535 0.275806 0.293251 0.309724 
0.103287 0.115074 0.129112 0.145033 0.16243 0.180884 0.199987 0.219352 0.238634 0.257535 0.275806 0.293251 0.309724 0.325122 0.339382 
0.129112 0.145033 0.16243 0.180884 0.199987 0.219352 0.238634 0.257535 0.275806 0.293251 0.309724 0.325122 0.339382 0.352474 0.364396 
0.16243 0.180884 0.199987 0.219352 0.238634 0.257535 0.275806 0.293251 0.309724 0.325122 0.339382 0.352474 0.364396 0.375168 0.384827 
0.199987 0.219352 0.238634 0.257535 0.275806 0.293251 0.309724 0.325122 0.339382 0.352474 0.364396 0.375168 0.384827 0.393419 0.401003 
0.238634 0.257535 0.275806 0.293251 0.309724 0.325122 0.339382 0.352474 0.364396 0.375168 0.384827 0.393419 0.401003 0.407639 0.413391 
0.275806 0.293251 0.309724 0.325122 0.339382 0.352474 0.364396 0.375168 0.384827 0.393419 0.401003 0.407639 0.413391 0.418323 0.422495 
0.309724 0.325122 0.339382 0.352474 0.364396 0.375168 0.384827 0.393419 0.401003 0.407639 0.413391 0.418323 0.422495 0.425968 0.428795 
0.339382 0.352474 0.364396 0.375168 0.384827 0.393419 0.401003 0.407639 0.413391 0.418323 0.422495 0.425968 0.428795 0.431028 0.432712 
0.364396 0.375168 0.384827 0.393419 0.401003 0.407639 0.413391 0.418323 0.422495 0.425968 0.428795 0.431028 0.432712 0.433888 0.434592 
0.384827 0.393419 0.401003 0.407639 0.413391 0.418323 0.422495 0.425968 0.428795 0.431028 0.432712 0.433888 0.434592 0.434852 0.434694 
0.401003 0.407639 0.413391 0.418323 0.422495 0.425968 0.428795 0.431028 0.432712 0.433888 0.434592 0.434852 0.434694 0.434138 0.433199 
0.413391 0.418323 0.422495 0.425968 0.428795 0.431028 0.432712 0.433888 0.434592 0.434852 0.434694 0.434138 0.433199 0.431887 0.430208 
0.422495 0.425968 0.428795 0.431028 0.432712 0.433888 0.434592 0.434852 0.434694 0.434138 0.433199 0.431887 0.430208 0.428163 0.425749 
0.428795 0.431028 0.432712 0.433888 0.434592 0.434852 0.434694 0.434138 0.433199 0.431887 0.430208 0.428163 0.425749 0.422959 0.419781 
0.432712 0.433888 0.434592 0.434852 0.434694 0.434138 0.433199 0.431887 0.430208 0.428163 0.425749 0.422959 0.419781 0.416202 0.412201 
0.434592 0.434852 0.434694 0.434138 0.433199 0.431887 0.430208 0.428163 0.425749 0.422959 0.419781 0.416202 0.412201 0.407756 0.402841 
0.434694 0.434138 0.433199 0.431887 0.430208 0.428163 0.425749 0.422959 0.419781 0.416202 0.412201 0.407756 0.402841 0.397425 0.391477 
0.433199 0.431887 0.430208 0.428163 0.425749 0.422959 0.419781 0.416202 0.412201 0.407756 0.402841 0.397425 0.391477 0.384958 0.37783 
0.430208 0.428163 0.425749 0.422959 0.419781 0.416202 0.412201 0.407756 0.402841 0.397425 0.391477 0.384958 0.37783 0.37005 0.361576 
0.425749 0.422959 0.419781 0.416202 0.412201 0.407756 0.402841 0.397425 0.391477 0.384958 0.37783 0.37005 0.361576 0.352362 0.342364 
0.419781 0.416202 0.412201 0.407756 0.402841 0.397425 0.391477 0.384958 0.37783 0.37005 0.361576 0.352362 0.342364 0.331538 0.319845 
0.412201 0.407756 0.402841 0.397425 0.391477 0.384958 0.37783 0.37005 0.361576 0.352362 0.342364 0.331538 0.319845 0.307252 0.293735 
0.402841 0.397425 0.391477 0.384958 0.37783 0.37005 0.361576 0.352362 0.342364 0.331538 0.319845 0.307252 0.293735 0.279283 0.263903 
0.391477 0.384958 0.37783 0.37005 0.361576 0.352362 0.342364 0.331538 0.319845 0.307252 0.293735 0.279283 0.263903 0.247628 0.230519 
0.37783 0.37005 0.361576 0.352362 0.342364 0.331538 0.319845 0.307252 0.293735 0.279283 0.263903 0.247628 0.230519 0.212678 0.194251 
0.361576 0.352362 0.342364 0.331538 0.319845 0.307252 0.293735 0.279283 0.263903 0.247628 0.230519 0.212678 0.194251 0.17544 0.156504 
0.342364 0.331538 0.319845 0.307252 0.293735 0.279283 0.263903 0.247628 0.230519 0.212678 0.194251 0.17544 0.156504 0.137768 0.119621 
0.319845 0.307252 0.293735 0.279283 0.263903 0.247628 0.230519 0.212678 0.194251 0.17544 0.156504 0.137768 0.119621 0.102514 0.0869406 
0.293735 0.279283 0.263903 0.247628 0.230519 0.212678 0.194251 0.17544 0.156504 0.137768 0.119621 0.102514 0.0869406 0.0734259 0.0624929 
0.263903 0.247628 0.230519 0.212678 0.194251 0.17544 0.156504 0.137768 0.119621 0.102514 0.0869406 0.0734259 0.0624929 0.0546301 0.0502533 
0.230519 0.212678 0.194251 0.17544 0.156504 0.137768 0.119621 0.102514 0.0869406 0.0734259 0.0624929 0.0546301 0.0502533 0.049669 0.0530434 
0.194251 0.17544 0.156504 0.137768 0.119621 0.102514 0.0869406 0.0734259 0.0624929 0.0546301 0.0502533 0.049669 0.0530434 0.0603832 0.0715305 
0.156504 0.137768 0.119621 0.102514 0.0869406 0.0734259 0.0624929 0.0546301 0.0502533 0.049669 0.0530434 0.0603832 0.0715305 0.0861738 0.103872 
0.119621 0.102514 0.0869406 0.0734259 0.0624929 0.0546301 0.0502533 0.049669 0.0530434 0.0603832 0.0715305 0.0861738 0.103872 0.124091 0.146242 
0.0869406 0.0734259 0.0624929 0.0546301 0.0502533 0.049669 0.0530434 0.0603832 0.0715305 0.0861738 0.103872 0.124091 0.146242 0.169722 0.193949 
0.0624929 0.0546301 0.0502533 0.049669 0.0530434 0.0603832 0.0715305 0.0861738 0.103872 0.124091 0.146242 0.169722 0.193949 0.21839 0.242577 
0.0502533 0.049669 0.0530434 0.0603832 0.0715305 0.0861738 0.103872 0.124091 0.146242 0.169722 0.193949 0.21839 0.242577 0.266122 0.288715 
0.0530434 0.0603832 0.0715305 0.0861738 0.103872 0.124091 0.146242 0.169722 0.193949 0.21839 0.242577 0.266122 0.288715 0.310126 0.330196 
0.0715305 0.0861738 0.103872 0.124091 0.146242 0.169722 0.193949 0.21839 0.242577 0.266122 0.288715 0.310126 0.330196 0.348827 0.365975 
0.103872 0.124091 0.146242 0.169722 0.193949 0.21839 0.242577 0.266122 0.288715 0.310126 0.330196 0.348827 0.365975 0.381638 0.395851 
0.146242 0.169722 0.193949 0.21839 0.242577 0.266122 0.288715 0.310126 0.330196 0.348827 0.365975 0.381638 0.395851 0.408669 0.420169 
0.193949 0.21839 0.242577 0.266122 0.288715 0.310126 0.330196 0.348827 0.365975 0.381638 0.395851 0.408669 0.420169 0.43044 0.439576 
0.242577 0.266122 0.288715 0.310126 0.330196 0.348827 0.365975 0.381638 0.395851 0.408669 0.420169 0.43044 0.439576 0.447675 0.454837 
0.288715 0.310126 0.330196 0.348827 0.365975 0.381638 0.395851 0.408669 0.420169 0.43044 0.439576 0.447675 0.454837 0.461158 0.466729 
0.330196 0.348827 0.365975 0.381638 0.395851 0.408669 0.420169 0.43044 0.439576 0.447675 0.454837 0.461158 0.466729 0.47164 0.475972 
0.365975 0.381638 0.395851 0.408669 0.420169 0.43044 0.439576 0.447675 0.454837 0.461158 0.466729 0.47164 0.475972 0.4798 0.483196 
0.395851 0.408669 0.420169 0.43044 0.439576 0.447675 0.454837 0.461158 0.466729 0.47164 0.475972 0.4798 0.483196 0.486223 0.488939 
0.420169 0.43044 0.439576 0.447675 0.454837 0.461158 0.466729 0.47164 0.475972 0.4798 0.483196 0.486223 0.488939 0.491398 0.493647 
0.439576 0.447675 0.454837 0.461158 0.466729 0.47164 0.475972 0.4798 0.483196 0.486223 0.488939 0.491398 0.493647 0.49573 0.497686 
0.454837 0.461158 0.466729 0.47164 0.475972 0.4798 0.483196 0.486223 0.488939 0.491398 0.493647 0.49573 0.497686 0.499551 0.501357 
0.466729 0.47164 0.475972 0.4798 0.483196 0.486223 0.488939 0.491398 0.493647 0.49573 0.497686 0.499551 0.501357 0.503136 0.504914 
0.475972 0.4798 0.483196 0.486223 0.488939 0.491398 0.493647 0.49573 0.497686 0.499551 0.501357 0.503136 0.504914 0.506718 0.508574 
0.483196 0.486223 0.488939 0.491398 0.493647 0.49573 0.497686 0.499551 0.501357 0.503136 0.504914 0.506718 0.508574 0.510504 0.512533 
0.488939 0.491398 0.493647 0.49573 0.497686 0.499551 0.501357 0.503136 0.504914 0.506718 0.508574 0.510504 0.512533 0.514684 0.516981 
0.493647 0.49573 0.497686 0.499551 0.501357 0.503136 0.504914 0.506718 0.508574 0.510504 0.512533 0.514684 0.516981 0.519448 0.522109 
0.497686 0.499551 0.501357 0.503136 0.504914 0.506718 0.508574 0.510504 0.512533 0.514684 0.516981 0.519448 0.522109 0.524991 0.528121 
0.501357 0.503136 0.504914 0.506718 0.508574 0.510504 0.512533 0.514684 0.516981 0.519448 0.522109 0.524991 0.528121 0.531529 0.535246 
0.504914 0.506718 0.508574 0.510504 0.512533 0.514684 0.516981 0.519448 0.522109 0.524991 0.528121 0.531529 0.535246 0.539306 0.543746 
0.508574 0.510504 0.512533 0.514684 0.516981 0.519448 0.522109 0.524991 0.528121 0.531529 0.535246 0.539306 0.543746 0.548605 0.553925 
0.512533 0.514684 0.516981 0.519448 0.522109 0.524991 0.528121 0.531529 0.535246 0.539306 0.543746 0.548605 0.553925 0.559753 0.566137 
0.516981 0.519448 0.522109 0.524991 0.528121 0.531529 0.535246 0.539306 0.543746 0.548605 0.553925 0.559753 0.566137 0.573133 0.580795 
0.522109 0.524991 0.528121 0.531529 0.535246 0.539306 0.543746 0.548605 0.553925 0.559753 0.566137 0.573133 0.580795 0.589185 0.598366 
0.528121 0.531529 0.535246 0.539306 0.543746 0.548605 0.553925 0.559753 0.566137 0.573133 0.580795 0.589185 0.598366 0.608404 0.619365 
0.535246 0.539306 0.543746 0.548605 0.553925 0.559753 0.566137 0.573133 0.580795 0.589185 0.598366 0.608404 0.619365 0.631318 0.644326 
0.543746 0.548605 0.553925 0.559753 0.566137 0.573133 0.580795 0.589185 0.598366 0.608404 0.619365 0.631318 0.644326 0.658449 0.673736 
0.553925 0.559753 0.566137 0.573133 0.580795 0.589185 0.598366 0.608404 0.619365 0.631318 0.644326 0.658449 0.673736 0.690223 0.707922 
0.566137 0.573133 0.580795 0.589185 0.598366 0.608404 0.619365 0.631318 0.644326 0.658449 0.673736 0.690223 0.707922 0.726817 0.746852 
0.580795 0.589185 0.598366 0.608404 0.619365 0.631318 0.644326 0.658449 0.673736 0.690223 0.707922 0.726817 0.746852 0.767918 0.789843 
0.598366 0.608404 0.619365 0.631318 0.644326 0.658449 0.673736 0.690223 0.707922 0.726817 0.746852 0.767918 0.789843 0.812376 0.835179 
0.619365 0.631318 0.644326 0.658449 0.673736 0.690223 0.707922 0.726817 0.746852 0.767918 0.789843 0.812376 0.835179 0.857813 0.879741 
0.644326 0.658449 0.673736 0.690223 0.707922 0.726817 0.746852 0.767918 0.789843 0.812376 0.835179 0.857813 0.879741 0.900329 0.918872 
0.673736 0.690223 0.707922 0.726817 0.746852 0.767918 0.789843 0.812376 0.835179 0.857813 0.879741 0.900329 0.918872 0.93462 0.94683 
0.707922 0.726817 0.746852 0.767918 0.789843 0.812376 0.835179 0.857813 0.879741 0.900329 0.918872 0.93462 0.94683 0.954826 0.958059 
0.746852 0.767918 0.789843 0.812376 0.835179 0.857813 0.879741 0.900329 0.918872 0.93462 0.94683 0.954826 0.958059 0.956169 0.949027 
0.789843 0.812376 0.835179 0.857813 0.879741 0.900329 0.918872 0.93462 0.94683 0.954826 0.958059 0.956169 0.949027 0.936757 0.919729 
0.835179 0.857813 0.879741 0.900329 0.918872 0.93462 0.94683 0.954826 0.958059 0.956169 0.949027 0.936757 0.919729 0.898524 0.873875 
0.879741 0.900329 0.918872 0.93462 0.94683 0.954826 0.958059 0.956169 0.949027 0.936757 0.919729 0.898524 0.873875 0.846609 0.817573 
0.918872 0.93462 0.94683 0.954826 0.958059 0.956169 0.949027 0.936757 0.919729 0.898524 0.873875 0.846609 0.817573 0.787582 0.757373 
0.94683 0.954826 0.958059 0.956169 0.949027 0.936757 0.919729 0.898524 0.873875 0.846609 0.817573 0.787582 0.757373 0.727575 0.6987 
0.958059 0.956169 0.949027 0.936757 0.919729 0.898524 0.873875 0.846609 0.817573 0.787582 0.757373 0.727575 0.6987 0.671137 0.645164 
0.949027 0.936757 0.919729 0.898524 0.873875 0.846609 0.817573 0.787582 0.757373 0.727575 0.6987 0.671137 0.645164 0.620958 0.598608 
0.919729 0.898524 0.873875 0.846609 0.817573 0.787582 0.757373 0.727575 0.6987 0.671137 0.645164 0.620958 0.598608 0.578138 0.559515 
0.873875 0.846609 0.817573 0.787582 0.757373 0.727575 0.6987 0.671137 0.645164 0.620958 0.598608 0.578138 0.559515 0.542668 0.527494 
0.817573 0.787582 0.757373 0.727575 0.6987 0.671137 0.645164 0.620958 0.598608 0.578138 0.559515 0.542668 0.527494 0.513872 0.50167 
0.757373 0.727575 0.6987 0.671137 0.645164 0.620958 0.598608 0.578138 0.559515 0.542668 0.527494 0.513872 0.50167 0.490752 0.480977 
0.6987 0.671137 0.645164 0.620958 0.598608 0.578138 0.559515 0.542668 0.527494 0.513872 0.50167 0.490752 0.480977 0.472209 0.464318 
0.645164 0.620958 0.598608 0.578138 0.559515 0.542668 0.527494 0.513872 0.50167 0.490752 0.480977 0.472209 0.464318 0.457178 0.450673 
0.598608 0.578138 0.559515 0.542668 0.527494 0.513872 0.50167 0.490752 0.480977 0.472209 0.464318 0.457178 0.450673 0.444691 0.439131 
0.559515 0.542668 0.527494 0.513872 0.50167 0.490752 0.480977 0.472209 0.464318 0.457178 0.450673 0.444691 0.439131 0.4339 0.428909 
0.527494 0.513872 0.50167 0.490752 0.480977 0.472209 0.464318 0.457178 0.450673 0.444691 0.439131 0.4339 0.428909 0.42408 0.419337 
0.50167 0.490752 0.480977 0.472209 0.464318 0.457178 0.450673 0.444691 0.439131 0.4339 0.428909 0.42408 0.419337 0.414613 0.409843 
0.480977 0.472209 0.464318 0.457178 0.450673 0.444691 0.439131 0.4339 0.428909 0.42408 0.419337 0.414613 0.409843 0.404968 0.399931 
0.464318 0.457178 0.450673 0.444691 0.439131 0.4339 0.428909 0.42408 0.419337 0.414613 0.409843 0.404968 0.399931 0.394679 0.389162 
0.450673 0.444691 0.439131 0.4339 0.428909 0.42408 0.419337 0.414613 0.409843 0.404968 0.399931 0.394679 0.389162 0.383331 0.377138 
0.439131 0.4339 0.428909 0.42408 0.419337 0.414613 0.409843 0.404968 0.399931 0.394679 0.389162 0.383331 0.377138 0.370538 0.363488 
0.428909 0.42408 0.419337 0.414613 0.409843 0.404968 0.399931 0.394679 0.389162 0.383331 0.377138 0.370538 0.363488 0.355944 0.347866 
0.419337 0.414613 0.409843 0.404968 0.399931 0.394679 0.389162 0.383331 0.377138 0.370538 0.363488 0.355944 0.347866 0.339217 0.329962 
0.409843 0.404968 0.399931 0.394679 0.389162 0.383331 0.377138 0.370538 0.363488 0.355944 0.347866 0.339217 0.329962 0.32007 0.309517 
0.399931 0.394679 0.389162 0.383331 0.377138 0.370538 0.363488 0.355944 0.347866 0.339217 0.329962 0.32007 0.309517 0.298286 0.286372 
0.389162 0.383331 0.377138 0.370538 0.363488 0.355944 0.347866 0.339217 0.329962 0.32007 0.309517 0.298286 0.286372 0.273781 0.260536 
0.377138 0.370538 0.363488 0.355944 0.347866 0.339217 0.329962 0.32007 0.309517 0.298286 0.286372 0.273781 0.260536 0.24668 0.23228 
0.363488 0.355944 0.347866 0.339217 0.329962 0.32007 0.309517 0.298286 0.286372 0.273781 0.260536 0.24668 0.23228 0.217432 0.202265 
0.347866 0.339217 0.329962 0.32007 0.309517 0.298286 0.286372 0.273781 0.260536 0.24668 0.23228 0.217432 0.202265 0.186943 0.17167 
0.329962 0.32007 0.309517 0.298286 0.286372 0.273781 0.260536 0.24668 0.23228 0.217432 0.202265 0.186943 0.17167 0.156689 0.142283 
0.309517 0.298286 0.286372 0.273781 0.260536 0.24668 0.23228 0.217432 0.202265 0.186943 0.17167 0.156689 0.142283 0.128766 0.11648 
0.286372 0.273781 0.260536 0.24668 0.23228 0.217432 0.202265 0.186943 0.17167 0.156689 0.142283 0.128766 0.11648 0.105775 0.0970007 
0.260536 0.24668 0.23228 0.217432 0.202265 0.186943 0.17167 0.156689 0.142283 0.128766 0.11648 0.105775 0.0970007 0.0904804 0.0864927 
0.23228 0.217432 0.202265 0.186943 0.17167 0.156689 0.142283 0.128766 0.11648 0.105775 0.0970007 0.0904804 0.0864927 0.0852504 0.0868823 
0.202265 0.186943 0.17167 0.156689 0.142283 0.128766 0.11648 0.105775 0.0970007 0.0904804 0.0864927 0.0852504 0.0868823 0.0914215 0.0987994 
0.17167 0.156689 0.142283 0.128766 0.11648 0.105775 0.0970007 0.0904804 0.0864927 0.0852504 0.0868823 0.0914215 0.0987994 0.108849 0.121314 
0.142283 0.128766 0.11648 0.105775 0.0970007 0.0904804 0.0864927 0.0852504 0.0868823 0.0914215 0.0987994 0.108849 0.121314 0.135869 0.152137 
0.11648 0.105775 0.0970007 0.0904804 0.0864927 0.0852504 0.0868823 0.0914215 0.0987994 0.108849 0.121314 0.135869 0.152137 0.169712 0.188186 
0.0970007 0.0904804 0.0864927 0.0852504 0.0868823 0.0914215 0.0987994 0.108849 0.121314 0.135869 0.152137 0.169712 0.188186 0.207164 0.22628 
0.0864927 0.0852504 0.0868823 0.0914215 0.0987994 0.108849 0.121314 0.135869 0.152137 0.169712 0.188186 0.207164 0.22628 0.24521 0.263676 
0.0868823 0.0914215 0.0987994 0.108849 0.121314 0.135869 0.152137 0.169712 0.188186 0.207164 0.22628 0.24521 0.263676 0.281454 0.298365 
0.0987994 0.108849 0.121314 0.135869 0.152137 0.169712 0.188186 0.207164 0.22628 0.24521 0.263676 0.281454 0.298365 0.314281 0.329113 
0.121314 0.135869 0.152137 0.169712 0.188186 0.207164 0.22628 0.24521 0.263676 0.281454 0.298365 0.314281 0.329113 0.342809 0.35535 
0.152137 0.169712 0.188186 0.207164 0.22628 0.24521 0.263676 0.281454 0.298365 0.314281 0.329113 0.342809 0.35535 0.36674 0.377004 
0.188186 0.207164 0.22628 0.24521 0.263676 0.281454 0.298365 0.314281 0.329113 0.342809 0.35535 0.36674 0.377004 0.38618 0.394319 
0.22628 0.24521 0.263676 0.281454 0.298365 0.314281 0.329113 0.342809 0.35535 0.36674 0.377004 0.38618 0.394319 0.401477 0.407714 
0.263676 0.281454 0.298365 0.314281 0.329113 0.342809 0.35535 0.36674 0.377004 0.38618 0.394319 0.401477 0.407714 0.413093 0.417675 
0.298365 0.314281 0.329113 0.342809 0.35535 0.36674 0.377004 0.38618 0.394319 0.401477 0.407714 0.413093 0.417675 0.421519 0.424682 
0.329113 0.342809 0.35535 0.36674 0.377004 0.38618 0.394319 0.401477 0.407714 0.413093 0.417675 0.421519 0.424682 0.427216 0.429167 
0.35535 0.36674 0.377004 0.38618 0.394319 0.401477 0.407714 0.413093 0.417675 0.421519 0.424682 0.427216 0.429167 0.43058 0.431491 
0.377004 0.38618 0.394319 0.401477 0.407714 0.413093 0.417675 0.421519 0.424682 0.427216 0.429167 0.43058 0.431491 0.431933 0.431933 
0.394319 0.401477 0.407714 0.413093 0.417675 0.421519 0.424682 0.427216 0.429167 0.43058 0.431491 0.431933 0.431933 0.431513 0.43069 
0.407714 0.413093 0.417675 0.421519 0.424682 0.427216 0.429167 0.43058 0.431491 0.431933 0.431933 0.431513 0.43069 0.429477 0.42788 
0.417675 0.421519 0.424682 0.427216 0.429167 0.43058 0.431491 0.431933 0.431933 0.431513 0.43069 0.429477 0.42788 0.425903 0.423544 
0.424682 0.427216 0.429167 0.43058 0.431491 0.431933 0.431933 0.431513 0.43069 0.429477 0.42788 0.425903 0.423544 0.420798 0.417656 
0.429167 0.43058 0.431491 0.431933 0.431933 0.431513 0.43069 0.429477 0.42788 0.425903 0.423544 0.420798 0.417656 0.414102 0.41012 
0.431491 0.431933 0.431933 0.431513 0.43069 0.429477 0.42788 0.425903 0.423544 0.420798 0.417656 0.414102 0.41012 0.405689 0.400782 
0.431933 0.431513 0.43069 0.429477 0.42788 0.425903 0.423544 0.420798 0.417656 0.414102 0.41012 0.405689 0.400782 0.395372 0.389426 
0.43069 0.429477 0.42788 0.425903 0.423544 0.420798 0.417656 0.414102 0.41012 0.405689 0.400782 0.395372 0.389426 0.38291 0.375784 
0.42788 0.425903 0.423544 0.420798 0.417656 0.414102 0.41012 0.405689 0.400782 0.395372 0.389426 0.38291 0.375784 0.36801 0.359544 
0.423544 0.420798 0.417656 0.414102 0.41012 0.405689 0.400782 0.395372 0.389426 0.38291 0.375784 0.36801 0.359544 0.350345 0.340369 
0.417656 0.414102 0.41012 0.405689 0.400782 0.395372 0.389426 0.38291 0.375784 0.36801 0.359544 0.350345 0.340369 0.329576 0.317928 
0.41012 0.405689 0.400782 0.395372 0.389426 0.38291 0.375784 0.36801 0.359544 0.350345 0.340369 0.329576 0.317928 0.305396 0.291959 
0.400782 0.395372 0.389426 0.38291 0.375784 0.36801 0.359544 0.350345 0.340369 0.329576 0.317928 0.305396 0.291959 0.27761 0.262359 
0.389426 0.38291 0.375784 0.36801 0.359544 0.350345 0.340369 0.329576 0.317928 0.305396 0.291959 0.27761 0.262359 0.246242 0.229327 
0.375784 0.36801 0.359544 0.350345 0.340369 0.329576 0.317928 0.305396 0.291959 0.27761 0.262359 0.246242 0.229327 0.211716 0.193558 
0.359544 0.350345 0.340369 0.329576 0.317928 0.305396 0.291959 0.27761 0.262359 0.246242 0.229327 0.211716 0.193558 0.175057 0.156471 
0.340369 0.329576 0.317928 0.305396 0.291959 0.27761 0.262359 0.246242 0.229327 0.211716 0.193558 0.175057 0.156471 0.138123 0.120395 
0.317928 0.305396 0.291959 0.27761 0.262359 0.246242 0.229327 0.211716 0.193558 0.175057 0.156471 0.138123 0.120395 0.103728 0.088604 
0.291959 0.27761 0.262359 0.246242 0.229327 0.211716 0.193558 0.175057 0.156471 0.138123 0.120395 0.103728 0.088604 0.0755305 0.0650112 
0.262359 0.246242 0.229327 0.211716 0.193558 0.175057 0.156471 0.138123 0.120395 0.103728 0.088604 0.0755305 0.0650112 0.0575135 0.0534327 
0.229327 0.211716 0.193558 0.175057 0.156471 0.138123 0.120395 0.103728 0.088604 0.0755305 0.0650112 0.0575135 0.0534327 0.0530565 0.0565373 
0.193558 0.175057 0.156471 0.138123 0.120395 0.103728 0.088604 0.0755305 0.0650112 0.0575135 0.0534327 0.0530565 0.0565373 0.0638736 0.0749063 
0.156471 0.138123 0.120395 0.103728 0.088604 0.0755305 0.0650112 0.0575135 0.0534327 0.0530565 0.0565373 0.0638736 0.0749063 0.0893293 0.106714 
0.120395 0.103728 0.088604 0.0755305 0.0650112 0.0575135 0.0534327 0.0530565 0.0565373 0.0638736 0.0749063 0.0893293 0.106714 0.126542 0.148244 
