0.0741118
0.35249
0.595765
0.493446
0.710401
0.260937
0.716703
0.1726
0.578587
0.470324
0.724547
0.211779
0.651824
0.331837
0.759982
0.0564533
0.299111
0.558983
0.540189
0.645449
0.445384
0.759953
0.0906111
0.397893
0.607029
0.485381
0.721067
0.226854
0.674321
0.280379
0.72713
0.146885
0.527578
0.538332
0.638551
0.460665
0.749154
0.131084
0.497926
0.566694
0.5877
0.572525
0.605098
0.54157
0.657388
0.417362
0.774005
0.0339123
0.232297
0.476166
0.616244
0.490257
0.719498
0.233041
0.682912
0.259641
0.706917
0.200916
0.628286
0.382206
0.768276
0.0432719
0.260631
0.516203
0.586102
0.560242
0.624341
0.498493
0.714113
0.251549
0.706318
0.200213
0.626888
0.385019
0.768033
0.0449571
0.265885
0.522806
0.5799
0.573124
0.601759
0.54824
0.646983
0.444221
0.76099
0.0867607
0.3876
0.606091
0.484142
0.721851
0.22411
0.670427
0.289579
0.734818
0.125759
0.480889
0.580486
0.559534
0.623754
0.499536
0.712904
0.25543
0.710806
0.188348
0.606994
0.422586
0.757479
0.0920881
0.401185
0.607198
0.486033
0.720552
0.228605
0.676767
0.27454
0.721845
0.161249
0.556977
0.501898
0.690492
0.319802
0.764485
0.0375588
0.241244
0.489807
0.607406
0.512208
0.694647
0.311438
0.760021
0.0501968
0.279877
0.539388
0.562809
0.606319
0.536256
0.664955
0.397067
0.779385
0.00885993
0.14953
0.317943
0.600982
0.473181
0.729146
0.198517
0.63078
0.376045
0.768388
0.0410366
0.253556
0.506922
0.59424
0.542624
0.652672
0.429065
0.76909
0.0545249
0.295948
0.555723
0.544207
0.638906
0.461621
0.748644
0.133041
0.502385
0.562815
0.595208
0.557586
0.631157
0.482934
0.730398
0.197563
0.62948
0.378599
0.768305
0.0420907
0.256893
0.511357
0.590437
0.550963
0.639631
0.462004
0.748611
0.133261
0.50289
0.562363
0.59607
0.555836
0.634071
0.475966
0.736933
0.175001
0.589404
0.451935
0.739659
0.159144
0.557895
0.499867
0.692815
0.312807
0.760451
0.0491624
0.276787
0.535917
0.566547
0.599334
0.550917
0.642368
0.455732
0.753351
0.115788
0.46191
0.59152
0.534145
0.663305
0.40056
0.778622
0.0126117
0.162306
0.346414
0.619952
0.44363
0.753169
0.112753
0.454211
0.595362
0.524717
0.676419
0.364289
0.779906
-0.00282694
0.108368
0.216208
0.474103
0.613014
0.496251
0.712904
0.254445
0.70959
0.191606
0.612589
0.412362
0.76168
0.0748635
0.354191
0.596567
0.492452
0.711571
0.257215
0.712592
0.183649
0.598763
0.437135
0.749774
0.121994
0.476217
0.583114
0.553542
0.633624
0.476274
0.736558
0.176279
0.591796
0.44795
0.74254
0.148723
0.536269
0.527659
0.655046
0.418872
0.77292
0.0381571
0.245699
0.495962
0.602987
0.522717
0.681139
0.351264
0.777441
0.00200077
0.124846
0.258835
0.538531
0.557658
0.614046
0.519215
0.688627
0.33009
0.770073
0.0214234
0.189771
0.402794
0.636333
0.425004
0.765544
0.0654973
0.327977
0.581952
0.511109
0.688228
0.328744
0.769206
0.024029
0.198249
0.418773
0.635908
0.43075
0.763453
0.0743616
0.353278
0.59611
0.493035
0.71089
0.259385
0.715005
0.177179
0.587086
0.456775
0.736139
0.171754
0.582734
0.462872
0.730972
0.189764
0.615646
0.405569
0.763747
0.0658063
0.32835
0.582256
0.510688
0.688783
0.327111
0.768439
0.026181
0.205198
0.431388
0.634003
0.438785
0.759631
0.0897191
0.395354
0.606905
0.484864
0.721476
0.225461
0.672358
0.285034
0.731119
0.135958
0.503939
0.562091
0.596812
0.55436
0.636513
0.47007
0.742111
0.15674
0.553533
0.505726
0.685498
0.334514
0.771483
0.0178623
0.178142
0.379813
0.633028
0.425477
0.764402
0.0695427
0.339556
0.589153
0.501758
0.700288
0.2925
0.746424
0.0895373
0.390892
0.60696
0.483416
0.72273
0.22123
0.666281
0.299229
0.74203
0.105743
0.432879
0.6036
0.502601
0.703763
0.282871
0.738438
0.112306
0.448652
0.598322
0.517474
0.685942
0.336839
0.772778
0.014047
0.165494
0.353433
0.623502
0.43824
0.756719
0.0993285
0.420427
0.605791
0.49458
0.712338
0.255605
0.710852
0.188264
0.606854
0.422837
0.757363
0.0925527
0.402412
0.60721
0.486377
0.720254
0.229605
0.67815
0.271218
0.718695
0.169732
0.573449
0.478167
0.717006
0.236866
0.687595
0.248193
0.694059
0.233867
0.676465
0.276911
0.724235
0.154704
0.543809
0.519159
0.667622
0.385223
0.780264
0.00218704
0.126358
0.262543
0.543377
0.552115
0.62382
0.49717
0.715253
0.247777
0.701817
0.21197
0.645318
0.347226
0.765178
0.0434209
0.260173
0.515704
0.586537
0.559316
0.625904
0.494867
0.718097
0.238618
0.690363
0.241176
0.685555
0.254996
0.702067
0.213425
0.64775
0.341973
0.76371
0.0468527
0.270547
0.528574
0.574178
0.584599
0.580309
0.590954
0.570703
0.609086
0.533138
0.66989
0.383655
0.780857
-0.000401031
0.117335
0.239651
0.51156
0.58504
0.560742
0.623248
0.500973
0.71131
0.260536
0.716502
0.173081
0.579483
0.468928
0.725826
0.207455
0.645072
0.346439
0.764792
0.0445057
0.263487
0.519918
0.582632
0.5675
0.611813
0.526703
0.678901
0.358373
0.77908
-0.00166987
0.112269
0.226527
0.491194
0.601724
0.523728
0.679535
0.355815
0.778493
-0.000350628
0.116805
0.238344
0.509595
0.586802
0.557008
0.629518
0.486353
0.726966
0.209186
0.648292
0.33943
0.762719
0.0494627
0.278406
0.537674
0.564685
0.602838
0.543622
0.65386
0.426516
0.770315
0.0495174
0.280853
0.540165
0.562044
0.607754
0.533189
0.669423
0.384861
0.780785
0.000219143
0.119518
0.245259
0.519788
0.577317
0.576656
0.595039
0.562054
0.624201
0.499338
0.713234
0.254396
0.709627
0.191479
0.61237
0.412766
0.761533
0.0754836
0.355931
0.597314
0.491565
0.712619
0.253876
0.708797
0.193743
0.616209
0.405604
0.763911
0.0652585
0.326773
0.581187
0.512082
0.686922
0.332578
0.770904
0.0192911
0.182815
0.389196
0.634937
0.424048
0.765423
0.0656266
0.328322
0.582186
0.510802
0.688636
0.327544
0.768645
0.0256024
0.203334
0.428048
0.634641
0.436361
0.760865
0.0848279
0.382188
0.605238
0.484194
0.721551
0.225036
0.671738
0.286499
0.732333
0.132616
0.496494
0.568549
0.584271
0.579202
0.592768
0.567036
0.615602
0.518842
0.689532
0.32751
0.768894
0.0247302
0.2005
0.42291
0.635434
0.433049
0.762441
0.0784925
0.364809
0.600652
0.487875
0.716964
0.239906
0.691798
0.237621
0.681086
0.265875
0.713633
0.183181
0.598191
0.438081
0.749196
0.124175
0.481365
0.579616
0.561182
0.620936
0.505993
0.705437
0.279083
0.735157
0.121541
0.470721
0.587143
0.544734
0.64759
0.441743
0.762362
0.081372
0.372945
0.603116
0.48556
0.719736
0.230912
0.679905
0.266987
0.714536
0.180844
0.594018
0.445213
0.744609
0.141233
0.520114
0.545724
0.626084
0.490404
0.722316
0.224587
0.671291
0.287514
0.733157
0.130348
0.491379
0.5727
0.57591
0.594919
0.562054
0.624164
0.499417
0.713145
0.254684
0.709958
0.190602
0.610875
0.415524
0.760488
0.079849
0.368076
0.601774
0.486697
0.718343
0.235436
0.685982
0.252127
0.698611
0.222339
0.660752
0.313342
0.75121
0.0801382
0.366115
0.601444
0.486745
0.7182
0.235876
0.68656
0.250696
0.69697
0.226513
0.666583
0.300054
0.742803
0.103505
0.427274
0.604957
0.498271
0.708516
0.267874
0.724117
0.152357
0.538696
0.525491
0.658466
0.409905
0.775909
0.0249976
0.203497
0.428143
0.634659
0.436354
0.760872
0.0847994
0.382112
0.605224
0.484199
0.721542
0.225062
0.671777
0.286409
0.732258
0.132822
0.496953
0.568165
0.585033
0.577736
0.595512
0.561494
0.625218
0.496997
0.71584
0.245983
0.699643
0.217589
0.653674
0.329155
0.75907
0.0587214
0.305727
0.564978
0.532788
0.657114
0.415394
0.774391
0.0319773
0.226099
0.466465
0.621547
0.476292
0.732922
0.187713
0.612455
0.411463
0.761818
0.0741337
0.352124
0.595644
0.493564
0.710254
0.261401
0.717208
0.171238
0.576025
0.474286
0.720817
0.224277
0.67037
0.289776
0.73498
0.125304
0.479839
0.581211
0.557958
0.62639
0.493415
0.719618
0.233626
0.683788
0.257475
0.704574
0.20701
0.637952
0.362622
0.767957
0.038499
0.245308
0.495547
0.603269
0.522044
0.682033
0.348685
0.776757
0.00363996
0.13044
0.272743
0.556031
0.536779
0.649173
0.435634
0.765526
0.0687516
0.33757
0.587975
0.503292
0.698366
0.298379
0.750945
0.0765224
0.355735
0.597564
0.491035
0.713182
0.25206
0.706686
0.199307
0.625422
0.387902
0.767698
0.0469776
0.272136
0.530339
0.572415
0.588071
0.573574
0.60346
0.54508
0.651997
0.431413
0.768033
0.0588705
0.308869
0.567406
0.529835
0.66164
0.403399
0.777825
0.0162911
0.174689
0.372598
0.631056
0.427661
0.763089
0.0746706
0.354057
0.596464
0.492605
0.711398
0.257768
0.713213
0.181992
0.595809
0.442215
0.746603
0.133868
0.50371
0.561701
0.597354
0.553221
0.638373
0.465533
0.745871
0.14324
0.52504
0.540386
0.634998
0.46927
0.742234
0.156102
0.552204
0.507504
0.683214
0.341174
0.773994
0.0110996
0.15569
0.331985
0.611221
0.457242
0.743095
0.149725
0.538642
0.524775
0.65933
0.407573
0.776558
0.0220129
0.1937
0.410096
0.636445
0.426944
0.764948
0.0681183
0.335539
0.586787
0.504818
0.696426
0.30427
0.755152
0.0643622
0.321484
0.577718
0.516479
0.680911
0.349998
0.776913
0.00348437
0.129941
0.271511
0.554552
0.538636
0.646232
0.443095
0.761312
0.0853341
0.383734
0.605495
0.484153
0.721663
0.224684
0.67124
0.287671
0.733288
0.129982
0.490551
0.57335
0.574577
0.597362
0.557069
0.632592
0.479619
0.733577
0.18666
0.6107
0.414693
0.760622
0.0791455
0.366118
0.601146
0.487319
0.717604
0.237826
0.689116
0.244345
0.689453
0.245378
0.690926
0.241657
0.686379
0.252918
0.699727
0.219433
0.65659
0.322659
0.756118
0.0666566
0.32858
0.582641
0.510082
0.68956
