0.0741118 0.35249 0.595765 0.493446 0.710401 0.260937 0.716703 0.1726 0.578587 0.470324 0.724547 0.211779 0.651824 0.331837 0.759982 
0.595765 0.493446 0.710401 0.260937 0.716703 0.1726 0.578587 0.470324 0.724547 0.211779 0.651824 0.331837 0.759982 0.0564533 0.299111 
0.710401 0.260937 0.716703 0.1726 0.578587 0.470324 0.724547 0.211779 0.651824 0.331837 0.759982 0.0564533 0.299111 0.558983 0.540189 
0.716703 0.1726 0.578587 0.470324 0.724547 0.211779 0.651824 0.331837 0.759982 0.0564533 0.299111 0.558983 0.540189 0.645449 0.445384 
0.578587 0.470324 0.724547 0.211779 0.651824 0.331837 0.759982 0.0564533 0.299111 0.558983 0.540189 0.645449 0.445384 0.759953 0.0906111 
0.724547 0.211779 0.651824 0.331837 0.759982 0.0564533 0.299111 0.558983 0.540189 0.645449 0.445384 0.759953 0.0906111 0.397893 0.607029 
0.651824 0.331837 0.759982 0.0564533 0.299111 0.558983 0.540189 0.645449 0.445384 0.759953 0.0906111 0.397893 0.607029 0.485381 0.721067 
0.759982 0.0564533 0.299111 0.558983 0.540189 0.645449 0.445384 0.759953 0.0906111 0.397893 0.607029 0.485381 0.721067 0.226854 0.674321 
0.299111 0.558983 0.540189 0.645449 0.445384 0.759953 0.0906111 0.397893 0.607029 0.485381 0.721067 0.226854 0.674321 0.280379 0.72713 
0.540189 0.645449 0.445384 0.759953 0.0906111 0.397893 0.607029 0.485381 0.721067 0.226854 0.674321 0.280379 0.72713 0.146885 0.527578 
0.445384 0.759953 0.0906111 0.397893 0.607029 0.485381 0.721067 0.226854 0.674321 0.280379 0.72713 0.146885 0.527578 0.538332 0.638551 
0.0906111 0.397893 0.607029 0.485381 0.721067 0.226854 0.674321 0.280379 0.72713 0.146885 0.527578 0.538332 0.638551 0.460665 0.749154 
0.607029 0.485381 0.721067 0.226854 0.674321 0.280379 0.72713 0.146885 0.527578 0.538332 0.638551 0.460665 0.749154 0.131084 0.497926 
0.721067 0.226854 0.674321 0.280379 0.72713 0.146885 0.527578 0.538332 0.638551 0.460665 0.749154 0.131084 0.497926 0.566694 0.5877 
0.674321 0.280379 0.72713 0.146885 0.527578 0.538332 0.638551 0.460665 0.749154 0.131084 0.497926 0.566694 0.5877 0.572525 0.605098 
0.72713 0.146885 0.527578 0.538332 0.638551 0.460665 0.749154 0.131084 0.497926 0.566694 0.5877 0.572525 0.605098 0.54157 0.657388 
0.527578 0.538332 0.638551 0.460665 0.749154 0.131084 0.497926 0.566694 0.5877 0.572525 0.605098 0.54157 0.657388 0.417362 0.774005 
0.638551 0.460665 0.749154 0.131084 0.497926 0.566694 0.5877 0.572525 0.605098 0.54157 0.657388 0.417362 0.774005 0.0339123 0.232297 
0.749154 0.131084 0.497926 0.566694 0.5877 0.572525 0.605098 0.54157 0.657388 0.417362 0.774005 0.0339123 0.232297 0.476166 0.616244 
0.497926 0.566694 0.5877 0.572525 0.605098 0.54157 0.657388 0.417362 0.774005 0.0339123 0.232297 0.476166 0.616244 0.490257 0.719498 
0.5877 0.572525 0.605098 0.54157 0.657388 0.417362 0.774005 0.0339123 0.232297 0.476166 0.616244 0.490257 0.719498 0.233041 0.682912 
0.605098 0.54157 0.657388 0.417362 0.774005 0.0339123 0.232297 0.476166 0.616244 0.490257 0.719498 0.233041 0.682912 0.259641 0.706917 
0.657388 0.417362 0.774005 0.0339123 0.232297 0.476166 0.616244 0.490257 0.719498 0.233041 0.682912 0.259641 0.706917 0.200916 0.628286 
0.774005 0.0339123 0.232297 0.476166 0.616244 0.490257 0.719498 0.233041 0.682912 0.259641 0.706917 0.200916 0.628286 0.382206 0.768276 
0.232297 0.476166 0.616244 0.490257 0.719498 0.233041 0.682912 0.259641 0.706917 0.200916 0.628286 0.382206 0.768276 0.0432719 0.260631 
0.616244 0.490257 0.719498 0.233041 0.682912 0.259641 0.706917 0.200916 0.628286 0.382206 0.768276 0.0432719 0.260631 0.516203 0.586102 
0.719498 0.233041 0.682912 0.259641 0.706917 0.200916 0.628286 0.382206 0.768276 0.0432719 0.260631 0.516203 0.586102 0.560242 0.624341 
0.682912 0.259641 0.706917 0.200916 0.628286 0.382206 0.768276 0.0432719 0.260631 0.516203 0.586102 0.560242 0.624341 0.498493 0.714113 
0.706917 0.200916 0.628286 0.382206 0.768276 0.0432719 0.260631 0.516203 0.586102 0.560242 0.624341 0.498493 0.714113 0.251549 0.706318 
0.628286 0.382206 0.768276 0.0432719 0.260631 0.516203 0.586102 0.560242 0.624341 0.498493 0.714113 0.251549 0.706318 0.200213 0.626888 
0.768276 0.0432719 0.260631 0.516203 0.586102 0.560242 0.624341 0.498493 0.714113 0.251549 0.706318 0.200213 0.626888 0.385019 0.768033 
0.260631 0.516203 0.586102 0.560242 0.624341 0.498493 0.714113 0.251549 0.706318 0.200213 0.626888 0.385019 0.768033 0.0449571 0.265885 
0.586102 0.560242 0.624341 0.498493 0.714113 0.251549 0.706318 0.200213 0.626888 0.385019 0.768033 0.0449571 0.265885 0.522806 0.5799 
0.624341 0.498493 0.714113 0.251549 0.706318 0.200213 0.626888 0.385019 0.768033 0.0449571 0.265885 0.522806 0.5799 0.573124 0.601759 
0.714113 0.251549 0.706318 0.200213 0.626888 0.385019 0.768033 0.0449571 0.265885 0.522806 0.5799 0.573124 0.601759 0.54824 0.646983 
0.706318 0.200213 0.626888 0.385019 0.768033 0.0449571 0.265885 0.522806 0.5799 0.573124 0.601759 0.54824 0.646983 0.444221 0.76099 
0.626888 0.385019 0.768033 0.0449571 0.265885 0.522806 0.5799 0.573124 0.601759 0.54824 0.646983 0.444221 0.76099 0.0867607 0.3876 
0.768033 0.0449571 0.265885 0.522806 0.5799 0.573124 0.601759 0.54824 0.646983 0.444221 0.76099 0.0867607 0.3876 0.606091 0.484142 
0.265885 0.522806 0.5799 0.573124 0.601759 0.54824 0.646983 0.444221 0.76099 0.0867607 0.3876 0.606091 0.484142 0.721851 0.22411 
0.5799 0.573124 0.601759 0.54824 0.646983 0.444221 0.76099 0.0867607 0.3876 0.606091 0.484142 0.721851 0.22411 0.670427 0.289579 
0.601759 0.54824 0.646983 0.444221 0.76099 0.0867607 0.3876 0.606091 0.484142 0.721851 0.22411 0.670427 0.289579 0.734818 0.125759 
0.646983 0.444221 0.76099 0.0867607 0.3876 0.606091 0.484142 0.721851 0.22411 0.670427 0.289579 0.734818 0.125759 0.480889 0.580486 
0.76099 0.0867607 0.3876 0.606091 0.484142 0.721851 0.22411 0.670427 0.289579 0.734818 0.125759 0.480889 0.580486 0.559534 0.623754 
0.3876 0.606091 0.484142 0.721851 0.22411 0.670427 0.289579 0.734818 0.125759 0.480889 0.580486 0.559534 0.623754 0.499536 0.712904 
0.484142 0.721851 0.22411 0.670427 0.289579 0.734818 0.125759 0.480889 0.580486 0.559534 0.623754 0.499536 0.712904 0.25543 0.710806 
0.22411 0.670427 0.289579 0.734818 0.125759 0.480889 0.580486 0.559534 0.623754 0.499536 0.712904 0.25543 0.710806 0.188348 0.606994 
0.289579 0.734818 0.125759 0.480889 0.580486 0.559534 0.623754 0.499536 0.712904 0.25543 0.710806 0.188348 0.606994 0.422586 0.757479 
0.125759 0.480889 0.580486 0.559534 0.623754 0.499536 0.712904 0.25543 0.710806 0.188348 0.606994 0.422586 0.757479 0.0920881 0.401185 
0.580486 0.559534 0.623754 0.499536 0.712904 0.25543 0.710806 0.188348 0.606994 0.422586 0.757479 0.0920881 0.401185 0.607198 0.486033 
0.623754 0.499536 0.712904 0.25543 0.710806 0.188348 0.606994 0.422586 0.757479 0.0920881 0.401185 0.607198 0.486033 0.720552 0.228605 
0.712904 0.25543 0.710806 0.188348 0.606994 0.422586 0.757479 0.0920881 0.401185 0.607198 0.486033 0.720552 0.228605 0.676767 0.27454 
0.710806 0.188348 0.606994 0.422586 0.757479 0.0920881 0.401185 0.607198 0.486033 0.720552 0.228605 0.676767 0.27454 0.721845 0.161249 
0.606994 0.422586 0.757479 0.0920881 0.401185 0.607198 0.486033 0.720552 0.228605 0.676767 0.27454 0.721845 0.161249 0.556977 0.501898 
0.757479 0.0920881 0.401185 0.607198 0.486033 0.720552 0.228605 0.676767 0.27454 0.721845 0.161249 0.556977 0.501898 0.690492 0.319802 
0.401185 0.607198 0.486033 0.720552 0.228605 0.676767 0.27454 0.721845 0.161249 0.556977 0.501898 0.690492 0.319802 0.764485 0.0375588 
0.486033 0.720552 0.228605 0.676767 0.27454 0.721845 0.161249 0.556977 0.501898 0.690492 0.319802 0.764485 0.0375588 0.241244 0.489807 
0.228605 0.676767 0.27454 0.721845 0.161249 0.556977 0.501898 0.690492 0.319802 0.764485 0.0375588 0.241244 0.489807 0.607406 0.512208 
0.27454 0.721845 0.161249 0.556977 0.501898 0.690492 0.319802 0.764485 0.0375588 0.241244 0.489807 0.607406 0.512208 0.694647 0.311438 
0.161249 0.556977 0.501898 0.690492 0.319802 0.764485 0.0375588 0.241244 0.489807 0.607406 0.512208 0.694647 0.311438 0.760021 0.0501968 
0.501898 0.690492 0.319802 0.764485 0.0375588 0.241244 0.489807 0.607406 0.512208 0.694647 0.311438 0.760021 0.0501968 0.279877 0.539388 
0.319802 0.764485 0.0375588 0.241244 0.489807 0.607406 0.512208 0.694647 0.311438 0.760021 0.0501968 0.279877 0.539388 0.562809 0.606319 
0.0375588 0.241244 0.489807 0.607406 0.512208 0.694647 0.311438 0.760021 0.0501968 0.279877 0.539388 0.562809 0.606319 0.536256 0.664955 
0.489807 0.607406 0.512208 0.694647 0.311438 0.760021 0.0501968 0.279877 0.539388 0.562809 0.606319 0.536256 0.664955 0.397067 0.779385 
0.512208 0.694647 0.311438 0.760021 0.0501968 0.279877 0.539388 0.562809 0.606319 0.536256 0.664955 0.397067 0.779385 0.00885993 0.14953 
0.311438 0.760021 0.0501968 0.279877 0.539388 0.562809 0.606319 0.536256 0.664955 0.397067 0.779385 0.00885993 0.14953 0.317943 0.600982 
0.0501968 0.279877 0.539388 0.562809 0.606319 0.536256 0.664955 0.397067 0.779385 0.00885993 0.14953 0.317943 0.600982 0.473181 0.729146 
0.539388 0.562809 0.606319 0.536256 0.664955 0.397067 0.779385 0.00885993 0.14953 0.317943 0.600982 0.473181 0.729146 0.198517 0.63078 
0.606319 0.536256 0.664955 0.397067 0.779385 0.00885993 0.14953 0.317943 0.600982 0.473181 0.729146 0.198517 0.63078 0.376045 0.768388 
0.664955 0.397067 0.779385 0.00885993 0.14953 0.317943 0.600982 0.473181 0.729146 0.198517 0.63078 0.376045 0.768388 0.0410366 0.253556 
0.779385 0.00885993 0.14953 0.317943 0.600982 0.473181 0.729146 0.198517 0.63078 0.376045 0.768388 0.0410366 0.253556 0.506922 0.59424 
0.14953 0.317943 0.600982 0.473181 0.729146 0.198517 0.63078 0.376045 0.768388 0.0410366 0.253556 0.506922 0.59424 0.542624 0.652672 
0.600982 0.473181 0.729146 0.198517 0.63078 0.376045 0.768388 0.0410366 0.253556 0.506922 0.59424 0.542624 0.652672 0.429065 0.76909 
0.729146 0.198517 0.63078 0.376045 0.768388 0.0410366 0.253556 0.506922 0.59424 0.542624 0.652672 0.429065 0.76909 0.0545249 0.295948 
0.63078 0.376045 0.768388 0.0410366 0.253556 0.506922 0.59424 0.542624 0.652672 0.429065 0.76909 0.0545249 0.295948 0.555723 0.544207 
0.768388 0.0410366 0.253556 0.506922 0.59424 0.542624 0.652672 0.429065 0.76909 0.0545249 0.295948 0.555723 0.544207 0.638906 0.461621 
0.253556 0.506922 0.59424 0.542624 0.652672 0.429065 0.76909 0.0545249 0.295948 0.555723 0.544207 0.638906 0.461621 0.748644 0.133041 
0.59424 0.542624 0.652672 0.429065 0.76909 0.0545249 0.295948 0.555723 0.544207 0.638906 0.461621 0.748644 0.133041 0.502385 0.562815 
0.652672 0.429065 0.76909 0.0545249 0.295948 0.555723 0.544207 0.638906 0.461621 0.748644 0.133041 0.502385 0.562815 0.595208 0.557586 
0.76909 0.0545249 0.295948 0.555723 0.544207 0.638906 0.461621 0.748644 0.133041 0.502385 0.562815 0.595208 0.557586 0.631157 0.482934 
0.295948 0.555723 0.544207 0.638906 0.461621 0.748644 0.133041 0.502385 0.562815 0.595208 0.557586 0.631157 0.482934 0.730398 0.197563 
0.544207 0.638906 0.461621 0.748644 0.133041 0.502385 0.562815 0.595208 0.557586 0.631157 0.482934 0.730398 0.197563 0.62948 0.378599 
0.461621 0.748644 0.133041 0.502385 0.562815 0.595208 0.557586 0.631157 0.482934 0.730398 0.197563 0.62948 0.378599 0.768305 0.0420907 
0.133041 0.502385 0.562815 0.595208 0.557586 0.631157 0.482934 0.730398 0.197563 0.62948 0.378599 0.768305 0.0420907 0.256893 0.511357 
0.562815 0.595208 0.557586 0.631157 0.482934 0.730398 0.197563 0.62948 0.378599 0.768305 0.0420907 0.256893 0.511357 0.590437 0.550963 
0.557586 0.631157 0.482934 0.730398 0.197563 0.62948 0.378599 0.768305 0.0420907 0.256893 0.511357 0.590437 0.550963 0.639631 0.462004 
0.482934 0.730398 0.197563 0.62948 0.378599 0.768305 0.0420907 0.256893 0.511357 0.590437 0.550963 0.639631 0.462004 0.748611 0.133261 
0.197563 0.62948 0.378599 0.768305 0.0420907 0.256893 0.511357 0.590437 0.550963 0.639631 0.462004 0.748611 0.133261 0.50289 0.562363 
0.378599 0.768305 0.0420907 0.256893 0.511357 0.590437 0.550963 0.639631 0.462004 0.748611 0.133261 0.50289 0.562363 0.59607 0.555836 
0.0420907 0.256893 0.511357 0.590437 0.550963 0.639631 0.462004 0.748611 0.133261 0.50289 0.562363 0.59607 0.555836 0.634071 0.475966 
0.511357 0.590437 0.550963 0.639631 0.462004 0.748611 0.133261 0.50289 0.562363 0.59607 0.555836 0.634071 0.475966 0.736933 0.175001 
0.550963 0.639631 0.462004 0.748611 0.133261 0.50289 0.562363 0.59607 0.555836 0.634071 0.475966 0.736933 0.175001 0.589404 0.451935 
0.462004 0.748611 0.133261 0.50289 0.562363 0.59607 0.555836 0.634071 0.475966 0.736933 0.175001 0.589404 0.451935 0.739659 0.159144 
0.133261 0.50289 0.562363 0.59607 0.555836 0.634071 0.475966 0.736933 0.175001 0.589404 0.451935 0.739659 0.159144 0.557895 0.499867 
0.562363 0.59607 0.555836 0.634071 0.475966 0.736933 0.175001 0.589404 0.451935 0.739659 0.159144 0.557895 0.499867 0.692815 0.312807 
0.555836 0.634071 0.475966 0.736933 0.175001 0.589404 0.451935 0.739659 0.159144 0.557895 0.499867 0.692815 0.312807 0.760451 0.0491624 
0.475966 0.736933 0.175001 0.589404 0.451935 0.739659 0.159144 0.557895 0.499867 0.692815 0.312807 0.760451 0.0491624 0.276787 0.535917 
0.175001 0.589404 0.451935 0.739659 0.159144 0.557895 0.499867 0.692815 0.312807 0.760451 0.0491624 0.276787 0.535917 0.566547 0.599334 
0.451935 0.739659 0.159144 0.557895 0.499867 0.692815 0.312807 0.760451 0.0491624 0.276787 0.535917 0.566547 0.599334 0.550917 0.642368 
0.159144 0.557895 0.499867 0.692815 0.312807 0.760451 0.0491624 0.276787 0.535917 0.566547 0.599334 0.550917 0.642368 0.455732 0.753351 
0.499867 0.692815 0.312807 0.760451 0.0491624 0.276787 0.535917 0.566547 0.599334 0.550917 0.642368 0.455732 0.753351 0.115788 0.46191 
0.312807 0.760451 0.0491624 0.276787 0.535917 0.566547 0.599334 0.550917 0.642368 0.455732 0.753351 0.115788 0.46191 0.59152 0.534145 
0.0491624 0.276787 0.535917 0.566547 0.599334 0.550917 0.642368 0.455732 0.753351 0.115788 0.46191 0.59152 0.534145 0.663305 0.40056 
0.535917 0.566547 0.599334 0.550917 0.642368 0.455732 0.753351 0.115788 0.46191 0.59152 0.534145 0.663305 0.40056 0.778622 0.0126117 
0.599334 0.550917 0.642368 0.455732 0.753351 0.115788 0.46191 0.59152 0.534145 0.663305 0.40056 0.778622 0.0126117 0.162306 0.346414 
0.642368 0.455732 0.753351 0.115788 0.46191 0.59152 0.534145 0.663305 0.40056 0.778622 0.0126117 0.162306 0.346414 0.619952 0.44363 
0.753351 0.115788 0.46191 0.59152 0.534145 0.663305 0.40056 0.778622 0.0126117 0.162306 0.346414 0.619952 0.44363 0.753169 0.112753 
0.46191 0.59152 0.534145 0.663305 0.40056 0.778622 0.0126117 0.162306 0.346414 0.619952 0.44363 0.753169 0.112753 0.454211 0.595362 
0.534145 0.663305 0.40056 0.778622 0.0126117 0.162306 0.346414 0.619952 0.44363 0.753169 0.112753 0.454211 0.595362 0.524717 0.676419 
0.40056 0.778622 0.0126117 0.162306 0.346414 0.619952 0.44363 0.753169 0.112753 0.454211 0.595362 0.524717 0.676419 0.364289 0.779906 
0.0126117 0.162306 0.346414 0.619952 0.44363 0.753169 0.112753 0.454211 0.595362 0.524717 0.676419 0.364289 0.779906 -0.00282694 0.108368 
0.346414 0.619952 0.44363 0.753169 0.112753 0.454211 0.595362 0.524717 0.676419 0.364289 0.779906 -0.00282694 0.108368 0.216208 0.474103 
0.44363 0.753169 0.112753 0.454211 0.595362 0.524717 0.676419 0.364289 0.779906 -0.00282694 0.108368 0.216208 0.474103 0.613014 0.496251 
0.112753 0.454211 0.595362 0.524717 0.676419 0.364289 0.779906 -0.00282694 0.108368 0.216208 0.474103 0.613014 0.496251 0.712904 0.254445 
0.595362 0.524717 0.676419 0.364289 0.779906 -0.00282694 0.108368 0.216208 0.474103 0.613014 0.496251 0.712904 0.254445 0.70959 0.191606 
0.676419 0.364289 0.779906 -0.00282694 0.108368 0.216208 0.474103 0.613014 0.496251 0.712904 0.254445 0.70959 0.191606 0.612589 0.412362 
0.779906 -0.00282694 0.108368 0.216208 0.474103 0.613014 0.496251 0.712904 0.254445 0.70959 0.191606 0.612589 0.412362 0.76168 0.0748635 
0.108368 0.216208 0.474103 0.613014 0.496251 0.712904 0.254445 0.70959 0.191606 0.612589 0.412362 0.76168 0.0748635 0.354191 0.596567 
0.474103 0.613014 0.496251 0.712904 0.254445 0.70959 0.191606 0.612589 0.412362 0.76168 0.0748635 0.354191 0.596567 0.492452 0.711571 
0.496251 0.712904 0.254445 0.70959 0.191606 0.612589 0.412362 0.76168 0.0748635 0.354191 0.596567 0.492452 0.711571 0.257215 0.712592 
0.254445 0.70959 0.191606 0.612589 0.412362 0.76168 0.0748635 0.354191 0.596567 0.492452 0.711571 0.257215 0.712592 0.183649 0.598763 
0.191606 0.612589 0.412362 0.76168 0.0748635 0.354191 0.596567 0.492452 0.711571 0.257215 0.712592 0.183649 0.598763 0.437135 0.749774 
0.412362 0.76168 0.0748635 0.354191 0.596567 0.492452 0.711571 0.257215 0.712592 0.183649 0.598763 0.437135 0.749774 0.121994 0.476217 
0.0748635 0.354191 0.596567 0.492452 0.711571 0.257215 0.712592 0.183649 0.598763 0.437135 0.749774 0.121994 0.476217 0.583114 0.553542 
0.596567 0.492452 0.711571 0.257215 0.712592 0.183649 0.598763 0.437135 0.749774 0.121994 0.476217 0.583114 0.553542 0.633624 0.476274 
0.711571 0.257215 0.712592 0.183649 0.598763 0.437135 0.749774 0.121994 0.476217 0.583114 0.553542 0.633624 0.476274 0.736558 0.176279 
0.712592 0.183649 0.598763 0.437135 0.749774 0.121994 0.476217 0.583114 0.553542 0.633624 0.476274 0.736558 0.176279 0.591796 0.44795 
0.598763 0.437135 0.749774 0.121994 0.476217 0.583114 0.553542 0.633624 0.476274 0.736558 0.176279 0.591796 0.44795 0.74254 0.148723 
0.749774 0.121994 0.476217 0.583114 0.553542 0.633624 0.476274 0.736558 0.176279 0.591796 0.44795 0.74254 0.148723 0.536269 0.527659 
0.476217 0.583114 0.553542 0.633624 0.476274 0.736558 0.176279 0.591796 0.44795 0.74254 0.148723 0.536269 0.527659 0.655046 0.418872 
0.553542 0.633624 0.476274 0.736558 0.176279 0.591796 0.44795 0.74254 0.148723 0.536269 0.527659 0.655046 0.418872 0.77292 0.0381571 
0.476274 0.736558 0.176279 0.591796 0.44795 0.74254 0.148723 0.536269 0.527659 0.655046 0.418872 0.77292 0.0381571 0.245699 0.495962 
0.176279 0.591796 0.44795 0.74254 0.148723 0.536269 0.527659 0.655046 0.418872 0.77292 0.0381571 0.245699 0.495962 0.602987 0.522717 
0.44795 0.74254 0.148723 0.536269 0.527659 0.655046 0.418872 0.77292 0.0381571 0.245699 0.495962 0.602987 0.522717 0.681139 0.351264 
0.148723 0.536269 0.527659 0.655046 0.418872 0.77292 0.0381571 0.245699 0.495962 0.602987 0.522717 0.681139 0.351264 0.777441 0.00200077 
0.527659 0.655046 0.418872 0.77292 0.0381571 0.245699 0.495962 0.602987 0.522717 0.681139 0.351264 0.777441 0.00200077 0.124846 0.258835 
0.418872 0.77292 0.0381571 0.245699 0.495962 0.602987 0.522717 0.681139 0.351264 0.777441 0.00200077 0.124846 0.258835 0.538531 0.557658 
0.0381571 0.245699 0.495962 0.602987 0.522717 0.681139 0.351264 0.777441 0.00200077 0.124846 0.258835 0.538531 0.557658 0.614046 0.519215 
0.495962 0.602987 0.522717 0.681139 0.351264 0.777441 0.00200077 0.124846 0.258835 0.538531 0.557658 0.614046 0.519215 0.688627 0.33009 
0.522717 0.681139 0.351264 0.777441 0.00200077 0.124846 0.258835 0.538531 0.557658 0.614046 0.519215 0.688627 0.33009 0.770073 0.0214234 
0.351264 0.777441 0.00200077 0.124846 0.258835 0.538531 0.557658 0.614046 0.519215 0.688627 0.33009 0.770073 0.0214234 0.189771 0.402794 
0.00200077 0.124846 0.258835 0.538531 0.557658 0.614046 0.519215 0.688627 0.33009 0.770073 0.0214234 0.189771 0.402794 0.636333 0.425004 
0.258835 0.538531 0.557658 0.614046 0.519215 0.688627 0.33009 0.770073 0.0214234 0.189771 0.402794 0.636333 0.425004 0.765544 0.0654973 
0.557658 0.614046 0.519215 0.688627 0.33009 0.770073 0.0214234 0.189771 0.402794 0.636333 0.425004 0.765544 0.0654973 0.327977 0.581952 
0.519215 0.688627 0.33009 0.770073 0.0214234 0.189771 0.402794 0.636333 0.425004 0.765544 0.0654973 0.327977 0.581952 0.511109 0.688228 
0.33009 0.770073 0.0214234 0.189771 0.402794 0.636333 0.425004 0.765544 0.0654973 0.327977 0.581952 0.511109 0.688228 0.328744 0.769206 
0.0214234 0.189771 0.402794 0.636333 0.425004 0.765544 0.0654973 0.327977 0.581952 0.511109 0.688228 0.328744 0.769206 0.024029 0.198249 
0.402794 0.636333 0.425004 0.765544 0.0654973 0.327977 0.581952 0.511109 0.688228 0.328744 0.769206 0.024029 0.198249 0.418773 0.635908 
0.425004 0.765544 0.0654973 0.327977 0.581952 0.511109 0.688228 0.328744 0.769206 0.024029 0.198249 0.418773 0.635908 0.43075 0.763453 
0.0654973 0.327977 0.581952 0.511109 0.688228 0.328744 0.769206 0.024029 0.198249 0.418773 0.635908 0.43075 0.763453 0.0743616 0.353278 
0.581952 0.511109 0.688228 0.328744 0.769206 0.024029 0.198249 0.418773 0.635908 0.43075 0.763453 0.0743616 0.353278 0.59611 0.493035 
0.688228 0.328744 0.769206 0.024029 0.198249 0.418773 0.635908 0.43075 0.763453 0.0743616 0.353278 0.59611 0.493035 0.71089 0.259385 
0.769206 0.024029 0.198249 0.418773 0.635908 0.43075 0.763453 0.0743616 0.353278 0.59611 0.493035 0.71089 0.259385 0.715005 0.177179 
0.198249 0.418773 0.635908 0.43075 0.763453 0.0743616 0.353278 0.59611 0.493035 0.71089 0.259385 0.715005 0.177179 0.587086 0.456775 
0.635908 0.43075 0.763453 0.0743616 0.353278 0.59611 0.493035 0.71089 0.259385 0.715005 0.177179 0.587086 0.456775 0.736139 0.171754 
0.763453 0.0743616 0.353278 0.59611 0.493035 0.71089 0.259385 0.715005 0.177179 0.587086 0.456775 0.736139 0.171754 0.582734 0.462872 
0.353278 0.59611 0.493035 0.71089 0.259385 0.715005 0.177179 0.587086 0.456775 0.736139 0.171754 0.582734 0.462872 0.730972 0.189764 
0.493035 0.71089 0.259385 0.715005 0.177179 0.587086 0.456775 0.736139 0.171754 0.582734 0.462872 0.730972 0.189764 0.615646 0.405569 
0.259385 0.715005 0.177179 0.587086 0.456775 0.736139 0.171754 0.582734 0.462872 0.730972 0.189764 0.615646 0.405569 0.763747 0.0658063 
0.177179 0.587086 0.456775 0.736139 0.171754 0.582734 0.462872 0.730972 0.189764 0.615646 0.405569 0.763747 0.0658063 0.32835 0.582256 
0.456775 0.736139 0.171754 0.582734 0.462872 0.730972 0.189764 0.615646 0.405569 0.763747 0.0658063 0.32835 0.582256 0.510688 0.688783 
0.171754 0.582734 0.462872 0.730972 0.189764 0.615646 0.405569 0.763747 0.0658063 0.32835 0.582256 0.510688 0.688783 0.327111 0.768439 
0.462872 0.730972 0.189764 0.615646 0.405569 0.763747 0.0658063 0.32835 0.582256 0.510688 0.688783 0.327111 0.768439 0.026181 0.205198 
0.189764 0.615646 0.405569 0.763747 0.0658063 0.32835 0.582256 0.510688 0.688783 0.327111 0.768439 0.026181 0.205198 0.431388 0.634003 
0.405569 0.763747 0.0658063 0.32835 0.582256 0.510688 0.688783 0.327111 0.768439 0.026181 0.205198 0.431388 0.634003 0.438785 0.759631 
0.0658063 0.32835 0.582256 0.510688 0.688783 0.327111 0.768439 0.026181 0.205198 0.431388 0.634003 0.438785 0.759631 0.0897191 0.395354 
0.582256 0.510688 0.688783 0.327111 0.768439 0.026181 0.205198 0.431388 0.634003 0.438785 0.759631 0.0897191 0.395354 0.606905 0.484864 
0.688783 0.327111 0.768439 0.026181 0.205198 0.431388 0.634003 0.438785 0.759631 0.0897191 0.395354 0.606905 0.484864 0.721476 0.225461 
0.768439 0.026181 0.205198 0.431388 0.634003 0.438785 0.759631 0.0897191 0.395354 0.606905 0.484864 0.721476 0.225461 0.672358 0.285034 
0.205198 0.431388 0.634003 0.438785 0.759631 0.0897191 0.395354 0.606905 0.484864 0.721476 0.225461 0.672358 0.285034 0.731119 0.135958 
0.634003 0.438785 0.759631 0.0897191 0.395354 0.606905 0.484864 0.721476 0.225461 0.672358 0.285034 0.731119 0.135958 0.503939 0.562091 
0.759631 0.0897191 0.395354 0.606905 0.484864 0.721476 0.225461 0.672358 0.285034 0.731119 0.135958 0.503939 0.562091 0.596812 0.55436 
0.395354 0.606905 0.484864 0.721476 0.225461 0.672358 0.285034 0.731119 0.135958 0.503939 0.562091 0.596812 0.55436 0.636513 0.47007 
0.484864 0.721476 0.225461 0.672358 0.285034 0.731119 0.135958 0.503939 0.562091 0.596812 0.55436 0.636513 0.47007 0.742111 0.15674 
0.225461 0.672358 0.285034 0.731119 0.135958 0.503939 0.562091 0.596812 0.55436 0.636513 0.47007 0.742111 0.15674 0.553533 0.505726 
0.285034 0.731119 0.135958 0.503939 0.562091 0.596812 0.55436 0.636513 0.47007 0.742111 0.15674 0.553533 0.505726 0.685498 0.334514 
0.135958 0.503939 0.562091 0.596812 0.55436 0.636513 0.47007 0.742111 0.15674 0.553533 0.505726 0.685498 0.334514 0.771483 0.0178623 
0.562091 0.596812 0.55436 0.636513 0.47007 0.742111 0.15674 0.553533 0.505726 0.685498 0.334514 0.771483 0.0178623 0.178142 0.379813 
0.55436 0.636513 0.47007 0.742111 0.15674 0.553533 0.505726 0.685498 0.334514 0.771483 0.0178623 0.178142 0.379813 0.633028 0.425477 
0.47007 0.742111 0.15674 0.553533 0.505726 0.685498 0.334514 0.771483 0.0178623 0.178142 0.379813 0.633028 0.425477 0.764402 0.0695427 
0.15674 0.553533 0.505726 0.685498 0.334514 0.771483 0.0178623 0.178142 0.379813 0.633028 0.425477 0.764402 0.0695427 0.339556 0.589153 
0.505726 0.685498 0.334514 0.771483 0.0178623 0.178142 0.379813 0.633028 0.425477 0.764402 0.0695427 0.339556 0.589153 0.501758 0.700288 
0.334514 0.771483 0.0178623 0.178142 0.379813 0.633028 0.425477 0.764402 0.0695427 0.339556 0.589153 0.501758 0.700288 0.2925 0.746424 
0.0178623 0.178142 0.379813 0.633028 0.425477 0.764402 0.0695427 0.339556 0.589153 0.501758 0.700288 0.2925 0.746424 0.0895373 0.390892 
0.379813 0.633028 0.425477 0.764402 0.0695427 0.339556 0.589153 0.501758 0.700288 0.2925 0.746424 0.0895373 0.390892 0.60696 0.483416 
0.425477 0.764402 0.0695427 0.339556 0.589153 0.501758 0.700288 0.2925 0.746424 0.0895373 0.390892 0.60696 0.483416 0.72273 0.22123 
0.0695427 0.339556 0.589153 0.501758 0.700288 0.2925 0.746424 0.0895373 0.390892 0.60696 0.483416 0.72273 0.22123 0.666281 0.299229 
0.589153 0.501758 0.700288 0.2925 0.746424 0.0895373 0.390892 0.60696 0.483416 0.72273 0.22123 0.666281 0.299229 0.74203 0.105743 
0.700288 0.2925 0.746424 0.0895373 0.390892 0.60696 0.483416 0.72273 0.22123 0.666281 0.299229 0.74203 0.105743 0.432879 0.6036 
0.746424 0.0895373 0.390892 0.60696 0.483416 0.72273 0.22123 0.666281 0.299229 0.74203 0.105743 0.432879 0.6036 0.502601 0.703763 
0.390892 0.60696 0.483416 0.72273 0.22123 0.666281 0.299229 0.74203 0.105743 0.432879 0.6036 0.502601 0.703763 0.282871 0.738438 
0.483416 0.72273 0.22123 0.666281 0.299229 0.74203 0.105743 0.432879 0.6036 0.502601 0.703763 0.282871 0.738438 0.112306 0.448652 
0.22123 0.666281 0.299229 0.74203 0.105743 0.432879 0.6036 0.502601 0.703763 0.282871 0.738438 0.112306 0.448652 0.598322 0.517474 
0.299229 0.74203 0.105743 0.432879 0.6036 0.502601 0.703763 0.282871 0.738438 0.112306 0.448652 0.598322 0.517474 0.685942 0.336839 
0.105743 0.432879 0.6036 0.502601 0.703763 0.282871 0.738438 0.112306 0.448652 0.598322 0.517474 0.685942 0.336839 0.772778 0.014047 
0.6036 0.502601 0.703763 0.282871 0.738438 0.112306 0.448652 0.598322 0.517474 0.685942 0.336839 0.772778 0.014047 0.165494 0.353433 
0.703763 0.282871 0.738438 0.112306 0.448652 0.598322 0.517474 0.685942 0.336839 0.772778 0.014047 0.165494 0.353433 0.623502 0.43824 
0.738438 0.112306 0.448652 0.598322 0.517474 0.685942 0.336839 0.772778 0.014047 0.165494 0.353433 0.623502 0.43824 0.756719 0.0993285 
0.448652 0.598322 0.517474 0.685942 0.336839 0.772778 0.014047 0.165494 0.353433 0.623502 0.43824 0.756719 0.0993285 0.420427 0.605791 
0.517474 0.685942 0.336839 0.772778 0.014047 0.165494 0.353433 0.623502 0.43824 0.756719 0.0993285 0.420427 0.605791 0.49458 0.712338 
0.336839 0.772778 0.014047 0.165494 0.353433 0.623502 0.43824 0.756719 0.0993285 0.420427 0.605791 0.49458 0.712338 0.255605 0.710852 
0.014047 0.165494 0.353433 0.623502 0.43824 0.756719 0.0993285 0.420427 0.605791 0.49458 0.712338 0.255605 0.710852 0.188264 0.606854 
0.353433 0.623502 0.43824 0.756719 0.0993285 0.420427 0.605791 0.49458 0.712338 0.255605 0.710852 0.188264 0.606854 0.422837 0.757363 
0.43824 0.756719 0.0993285 0.420427 0.605791 0.49458 0.712338 0.255605 0.710852 0.188264 0.606854 0.422837 0.757363 0.0925527 0.402412 
0.0993285 0.420427 0.605791 0.49458 0.712338 0.255605 0.710852 0.188264 0.606854 0.422837 0.757363 0.0925527 0.402412 0.60721 0.486377 
0.605791 0.49458 0.712338 0.255605 0.710852 0.188264 0.606854 0.422837 0.757363 0.0925527 0.402412 0.60721 0.486377 0.720254 0.229605 
0.712338 0.255605 0.710852 0.188264 0.606854 0.422837 0.757363 0.0925527 0.402412 0.60721 0.486377 0.720254 0.229605 0.67815 0.271218 
0.710852 0.188264 0.606854 0.422837 0.757363 0.0925527 0.402412 0.60721 0.486377 0.720254 0.229605 0.67815 0.271218 0.718695 0.169732 
0.606854 0.422837 0.757363 0.0925527 0.402412 0.60721 0.486377 0.720254 0.229605 0.67815 0.271218 0.718695 0.169732 0.573449 0.478167 
0.757363 0.0925527 0.402412 0.60721 0.486377 0.720254 0.229605 0.67815 0.271218 0.718695 0.169732 0.573449 0.478167 0.717006 0.236866 
0.402412 0.60721 0.486377 0.720254 0.229605 0.67815 0.271218 0.718695 0.169732 0.573449 0.478167 0.717006 0.236866 0.687595 0.248193 
0.486377 0.720254 0.229605 0.67815 0.271218 0.718695 0.169732 0.573449 0.478167 0.717006 0.236866 0.687595 0.248193 0.694059 0.233867 
0.229605 0.67815 0.271218 0.718695 0.169732 0.573449 0.478167 0.717006 0.236866 0.687595 0.248193 0.694059 0.233867 0.676465 0.276911 
0.271218 0.718695 0.169732 0.573449 0.478167 0.717006 0.236866 0.687595 0.248193 0.694059 0.233867 0.676465 0.276911 0.724235 0.154704 
0.169732 0.573449 0.478167 0.717006 0.236866 0.687595 0.248193 0.694059 0.233867 0.676465 0.276911 0.724235 0.154704 0.543809 0.519159 
0.478167 0.717006 0.236866 0.687595 0.248193 0.694059 0.233867 0.676465 0.276911 0.724235 0.154704 0.543809 0.519159 0.667622 0.385223 
0.236866 0.687595 0.248193 0.694059 0.233867 0.676465 0.276911 0.724235 0.154704 0.543809 0.519159 0.667622 0.385223 0.780264 0.00218704 
0.248193 0.694059 0.233867 0.676465 0.276911 0.724235 0.154704 0.543809 0.519159 0.667622 0.385223 0.780264 0.00218704 0.126358 0.262543 
0.233867 0.676465 0.276911 0.724235 0.154704 0.543809 0.519159 0.667622 0.385223 0.780264 0.00218704 0.126358 0.262543 0.543377 0.552115 
0.276911 0.724235 0.154704 0.543809 0.519159 0.667622 0.385223 0.780264 0.00218704 0.126358 0.262543 0.543377 0.552115 0.62382 0.49717 
0.154704 0.543809 0.519159 0.667622 0.385223 0.780264 0.00218704 0.126358 0.262543 0.543377 0.552115 0.62382 0.49717 0.715253 0.247777 
0.519159 0.667622 0.385223 0.780264 0.00218704 0.126358 0.262543 0.543377 0.552115 0.62382 0.49717 0.715253 0.247777 0.701817 0.21197 
0.385223 0.780264 0.00218704 0.126358 0.262543 0.543377 0.552115 0.62382 0.49717 0.715253 0.247777 0.701817 0.21197 0.645318 0.347226 
0.00218704 0.126358 0.262543 0.543377 0.552115 0.62382 0.49717 0.715253 0.247777 0.701817 0.21197 0.645318 0.347226 0.765178 0.0434209 
0.262543 0.543377 0.552115 0.62382 0.49717 0.715253 0.247777 0.701817 0.21197 0.645318 0.347226 0.765178 0.0434209 0.260173 0.515704 
0.552115 0.62382 0.49717 0.715253 0.247777 0.701817 0.21197 0.645318 0.347226 0.765178 0.0434209 0.260173 0.515704 0.586537 0.559316 
0.49717 0.715253 0.247777 0.701817 0.21197 0.645318 0.347226 0.765178 0.0434209 0.260173 0.515704 0.586537 0.559316 0.625904 0.494867 
0.247777 0.701817 0.21197 0.645318 0.347226 0.765178 0.0434209 0.260173 0.515704 0.586537 0.559316 0.625904 0.494867 0.718097 0.238618 
0.21197 0.645318 0.347226 0.765178 0.0434209 0.260173 0.515704 0.586537 0.559316 0.625904 0.494867 0.718097 0.238618 0.690363 0.241176 
0.347226 0.765178 0.0434209 0.260173 0.515704 0.586537 0.559316 0.625904 0.494867 0.718097 0.238618 0.690363 0.241176 0.685555 0.254996 
0.0434209 0.260173 0.515704 0.586537 0.559316 0.625904 0.494867 0.718097 0.238618 0.690363 0.241176 0.685555 0.254996 0.702067 0.213425 
0.515704 0.586537 0.559316 0.625904 0.494867 0.718097 0.238618 0.690363 0.241176 0.685555 0.254996 0.702067 0.213425 0.64775 0.341973 
0.559316 0.625904 0.494867 0.718097 0.238618 0.690363 0.241176 0.685555 0.254996 0.702067 0.213425 0.64775 0.341973 0.76371 0.0468527 
0.494867 0.718097 0.238618 0.690363 0.241176 0.685555 0.254996 0.702067 0.213425 0.64775 0.341973 0.76371 0.0468527 0.270547 0.528574 
0.238618 0.690363 0.241176 0.685555 0.254996 0.702067 0.213425 0.64775 0.341973 0.76371 0.0468527 0.270547 0.528574 0.574178 0.584599 
0.241176 0.685555 0.254996 0.702067 0.213425 0.64775 0.341973 0.76371 0.0468527 0.270547 0.528574 0.574178 0.584599 0.580309 0.590954 
0.254996 0.702067 0.213425 0.64775 0.341973 0.76371 0.0468527 0.270547 0.528574 0.574178 0.584599 0.580309 0.590954 0.570703 0.609086 
0.213425 0.64775 0.341973 0.76371 0.0468527 0.270547 0.528574 0.574178 0.584599 0.580309 0.590954 0.570703 0.609086 0.533138 0.66989 
0.341973 0.76371 0.0468527 0.270547 0.528574 0.574178 0.584599 0.580309 0.590954 0.570703 0.609086 0.533138 0.66989 0.383655 0.780857 
0.0468527 0.270547 0.528574 0.574178 0.584599 0.580309 0.590954 0.570703 0.609086 0.533138 0.66989 0.383655 0.780857 -0.000401031 0.117335 
0.528574 0.574178 0.584599 0.580309 0.590954 0.570703 0.609086 0.533138 0.66989 0.383655 0.780857 -0.000401031 0.117335 0.239651 0.51156 
0.584599 0.580309 0.590954 0.570703 0.609086 0.533138 0.66989 0.383655 0.780857 -0.000401031 0.117335 0.239651 0.51156 0.58504 0.560742 
0.590954 0.570703 0.609086 0.533138 0.66989 0.383655 0.780857 -0.000401031 0.117335 0.239651 0.51156 0.58504 0.560742 0.623248 0.500973 
0.609086 0.533138 0.66989 0.383655 0.780857 -0.000401031 0.117335 0.239651 0.51156 0.58504 0.560742 0.623248 0.500973 0.71131 0.260536 
0.66989 0.383655 0.780857 -0.000401031 0.117335 0.239651 0.51156 0.58504 0.560742 0.623248 0.500973 0.71131 0.260536 0.716502 0.173081 
0.780857 -0.000401031 0.117335 0.239651 0.51156 0.58504 0.560742 0.623248 0.500973 0.71131 0.260536 0.716502 0.173081 0.579483 0.468928 
0.117335 0.239651 0.51156 0.58504 0.560742 0.623248 0.500973 0.71131 0.260536 0.716502 0.173081 0.579483 0.468928 0.725826 0.207455 
0.51156 0.58504 0.560742 0.623248 0.500973 0.71131 0.260536 0.716502 0.173081 0.579483 0.468928 0.725826 0.207455 0.645072 0.346439 
0.560742 0.623248 0.500973 0.71131 0.260536 0.716502 0.173081 0.579483 0.468928 0.725826 0.207455 0.645072 0.346439 0.764792 0.0445057 
