0.885529 0.877261 0.86925 0.859173 0.852196 0.856072 0.848837 0.858656 0.872351 0.862273 0.831525 0.850387 0.854005 0.851421 0.846253 
0.86925 0.859173 0.852196 0.856072 0.848837 0.858656 0.872351 0.862273 0.831525 0.850387 0.854005 0.851421 0.846253 0.856589 0.858397 
0.852196 0.856072 0.848837 0.858656 0.872351 0.862273 0.831525 0.850387 0.854005 0.851421 0.846253 0.856589 0.858397 0.85323 0.841602 
0.848837 0.858656 0.872351 0.862273 0.831525 0.850387 0.854005 0.851421 0.846253 0.856589 0.858397 0.85323 0.841602 0.850645 0.870801 
0.872351 0.862273 0.831525 0.850387 0.854005 0.851421 0.846253 0.856589 0.858397 0.85323 0.841602 0.850645 0.870801 0.874676 0.881912 
0.831525 0.850387 0.854005 0.851421 0.846253 0.856589 0.858397 0.85323 0.841602 0.850645 0.870801 0.874676 0.881912 0.889405 0.90155 
0.854005 0.851421 0.846253 0.856589 0.858397 0.85323 0.841602 0.850645 0.870801 0.874676 0.881912 0.889405 0.90155 0.908785 0.912145 
0.846253 0.856589 0.858397 0.85323 0.841602 0.850645 0.870801 0.874676 0.881912 0.889405 0.90155 0.908785 0.912145 0.912661 0.93049 
0.858397 0.85323 0.841602 0.850645 0.870801 0.874676 0.881912 0.889405 0.90155 0.908785 0.912145 0.912661 0.93049 0.916021 0.924548 
0.841602 0.850645 0.870801 0.874676 0.881912 0.889405 0.90155 0.908785 0.912145 0.912661 0.93049 0.916021 0.924548 0.912145 0.922738 
0.870801 0.874676 0.881912 0.889405 0.90155 0.908785 0.912145 0.912661 0.93049 0.916021 0.924548 0.912145 0.922738 0.927649 0.90956 
0.881912 0.889405 0.90155 0.908785 0.912145 0.912661 0.93049 0.916021 0.924548 0.912145 0.922738 0.927649 0.90956 0.91292 0.928682 
0.90155 0.908785 0.912145 0.912661 0.93049 0.916021 0.924548 0.912145 0.922738 0.927649 0.90956 0.91292 0.928682 0.932816 0.935401 
0.912145 0.912661 0.93049 0.916021 0.924548 0.912145 0.922738 0.927649 0.90956 0.91292 0.928682 0.932816 0.935401 0.955814 0.96279 
0.93049 0.916021 0.924548 0.912145 0.922738 0.927649 0.90956 0.91292 0.928682 0.932816 0.935401 0.955814 0.96279 0.944961 0.96124 
0.924548 0.912145 0.922738 0.927649 0.90956 0.91292 0.928682 0.932816 0.935401 0.955814 0.96279 0.944961 0.96124 0.965116 0.969509 
0.922738 0.927649 0.90956 0.91292 0.928682 0.932816 0.935401 0.955814 0.96279 0.944961 0.96124 0.965116 0.969509 0.946511 0.947804 
0.90956 0.91292 0.928682 0.932816 0.935401 0.955814 0.96279 0.944961 0.96124 0.965116 0.969509 0.946511 0.947804 0.964599 0.966666 
0.928682 0.932816 0.935401 0.955814 0.96279 0.944961 0.96124 0.965116 0.969509 0.946511 0.947804 0.964599 0.966666 0.967183 0.970542 
0.935401 0.955814 0.96279 0.944961 0.96124 0.965116 0.969509 0.946511 0.947804 0.964599 0.966666 0.967183 0.970542 0.97416 0.969509 
0.96279 0.944961 0.96124 0.965116 0.969509 0.946511 0.947804 0.964599 0.966666 0.967183 0.970542 0.97416 0.969509 0.962273 0.952713 
0.96124 0.965116 0.969509 0.946511 0.947804 0.964599 0.966666 0.967183 0.970542 0.97416 0.969509 0.962273 0.952713 0.937726 0.912145 
0.969509 0.946511 0.947804 0.964599 0.966666 0.967183 0.970542 0.97416 0.969509 0.962273 0.952713 0.937726 0.912145 0.912145 0.904134 
0.947804 0.964599 0.966666 0.967183 0.970542 0.97416 0.969509 0.962273 0.952713 0.937726 0.912145 0.912145 0.904134 0.806201 0.798191 
0.966666 0.967183 0.970542 0.97416 0.969509 0.962273 0.952713 0.937726 0.912145 0.912145 0.904134 0.806201 0.798191 0.799225 0.790439 
0.970542 0.97416 0.969509 0.962273 0.952713 0.937726 0.912145 0.912145 0.904134 0.806201 0.798191 0.799225 0.790439 0.749354 0.766666 
0.969509 0.962273 0.952713 0.937726 0.912145 0.912145 0.904134 0.806201 0.798191 0.799225 0.790439 0.749354 0.766666 0.771318 0.743928 
0.952713 0.937726 0.912145 0.912145 0.904134 0.806201 0.798191 0.799225 0.790439 0.749354 0.766666 0.771318 0.743928 0.742118 0.737726 
0.912145 0.912145 0.904134 0.806201 0.798191 0.799225 0.790439 0.749354 0.766666 0.771318 0.743928 0.742118 0.737726 0.75478 0.764083 
0.904134 0.806201 0.798191 0.799225 0.790439 0.749354 0.766666 0.771318 0.743928 0.742118 0.737726 0.75478 0.764083 0.764341 0.786304 
0.798191 0.799225 0.790439 0.749354 0.766666 0.771318 0.743928 0.742118 0.737726 0.75478 0.764083 0.764341 0.786304 0.802583 0.825064 
0.790439 0.749354 0.766666 0.771318 0.743928 0.742118 0.737726 0.75478 0.764083 0.764341 0.786304 0.802583 0.825064 0.81938 0.812661 
0.766666 0.771318 0.743928 0.742118 0.737726 0.75478 0.764083 0.764341 0.786304 0.802583 0.825064 0.81938 0.812661 0.819897 0.831266 
0.743928 0.742118 0.737726 0.75478 0.764083 0.764341 0.786304 0.802583 0.825064 0.81938 0.812661 0.819897 0.831266 0.836951 0.840052 
0.737726 0.75478 0.764083 0.764341 0.786304 0.802583 0.825064 0.81938 0.812661 0.819897 0.831266 0.836951 0.840052 0.84987 0.845736 
0.764083 0.764341 0.786304 0.802583 0.825064 0.81938 0.812661 0.819897 0.831266 0.836951 0.840052 0.84987 0.845736 0.847545 0.843928 
0.786304 0.802583 0.825064 0.81938 0.812661 0.819897 0.831266 0.836951 0.840052 0.84987 0.845736 0.847545 0.843928 0.850645 0.84031 
0.825064 0.81938 0.812661 0.819897 0.831266 0.836951 0.840052 0.84987 0.845736 0.847545 0.843928 0.850645 0.84031 0.837209 0.833333 
0.812661 0.819897 0.831266 0.836951 0.840052 0.84987 0.845736 0.847545 0.843928 0.850645 0.84031 0.837209 0.833333 0.834108 0.829715 
0.831266 0.836951 0.840052 0.84987 0.845736 0.847545 0.843928 0.850645 0.84031 0.837209 0.833333 0.834108 0.829715 0.822222 0.80801 
0.840052 0.84987 0.845736 0.847545 0.843928 0.850645 0.84031 0.837209 0.833333 0.834108 0.829715 0.822222 0.80801 0.809819 0.812661 
0.845736 0.847545 0.843928 0.850645 0.84031 0.837209 0.833333 0.834108 0.829715 0.822222 0.80801 0.809819 0.812661 0.824806 0.828165 
0.843928 0.850645 0.84031 0.837209 0.833333 0.834108 0.829715 0.822222 0.80801 0.809819 0.812661 0.824806 0.828165 0.8323 0.842377 
0.84031 0.837209 0.833333 0.834108 0.829715 0.822222 0.80801 0.809819 0.812661 0.824806 0.828165 0.8323 0.842377 0.819897 0.814728 
0.833333 0.834108 0.829715 0.822222 0.80801 0.809819 0.812661 0.824806 0.828165 0.8323 0.842377 0.819897 0.814728 0.824548 0.821188 
0.829715 0.822222 0.80801 0.809819 0.812661 0.824806 0.828165 0.8323 0.842377 0.819897 0.814728 0.824548 0.821188 0.829199 0.814211 
0.80801 0.809819 0.812661 0.824806 0.828165 0.8323 0.842377 0.819897 0.814728 0.824548 0.821188 0.829199 0.814211 0.812661 0.818087 
0.812661 0.824806 0.828165 0.8323 0.842377 0.819897 0.814728 0.824548 0.821188 0.829199 0.814211 0.812661 0.818087 0.796382 0.803618 
0.828165 0.8323 0.842377 0.819897 0.814728 0.824548 0.821188 0.829199 0.814211 0.812661 0.818087 0.796382 0.803618 0.854263 0.836434 
0.842377 0.819897 0.814728 0.824548 0.821188 0.829199 0.814211 0.812661 0.818087 0.796382 0.803618 0.854263 0.836434 0.838759 0.835401 
0.814728 0.824548 0.821188 0.829199 0.814211 0.812661 0.818087 0.796382 0.803618 0.854263 0.836434 0.838759 0.835401 0.837984 0.840827 
0.821188 0.829199 0.814211 0.812661 0.818087 0.796382 0.803618 0.854263 0.836434 0.838759 0.835401 0.837984 0.840827 0.853488 0.849354 
0.814211 0.812661 0.818087 0.796382 0.803618 0.854263 0.836434 0.838759 0.835401 0.837984 0.840827 0.853488 0.849354 0.83049 0.835917 
0.818087 0.796382 0.803618 0.854263 0.836434 0.838759 0.835401 0.837984 0.840827 0.853488 0.849354 0.83049 0.835917 0.85168 0.855814 
0.803618 0.854263 0.836434 0.838759 0.835401 0.837984 0.840827 0.853488 0.849354 0.83049 0.835917 0.85168 0.855814 0.879845 0.892248 
0.836434 0.838759 0.835401 0.837984 0.840827 0.853488 0.849354 0.83049 0.835917 0.85168 0.855814 0.879845 0.892248 0.903618 0.886304 
0.835401 0.837984 0.840827 0.853488 0.849354 0.83049 0.835917 0.85168 0.855814 0.879845 0.892248 0.903618 0.886304 0.863824 0.857364 
0.840827 0.853488 0.849354 0.83049 0.835917 0.85168 0.855814 0.879845 0.892248 0.903618 0.886304 0.863824 0.857364 0.871059 0.882687 
0.849354 0.83049 0.835917 0.85168 0.855814 0.879845 0.892248 0.903618 0.886304 0.863824 0.857364 0.871059 0.882687 0.871318 0.883463 
0.835917 0.85168 0.855814 0.879845 0.892248 0.903618 0.886304 0.863824 0.857364 0.871059 0.882687 0.871318 0.883463 0.891473 0.888114 
0.855814 0.879845 0.892248 0.903618 0.886304 0.863824 0.857364 0.871059 0.882687 0.871318 0.883463 0.891473 0.888114 0.896899 0.912145 
0.892248 0.903618 0.886304 0.863824 0.857364 0.871059 0.882687 0.871318 0.883463 0.891473 0.888114 0.896899 0.912145 0.891731 0.892506 
0.886304 0.863824 0.857364 0.871059 0.882687 0.871318 0.883463 0.891473 0.888114 0.896899 0.912145 0.891731 0.892506 0.874935 0.87416 
0.857364 0.871059 0.882687 0.871318 0.883463 0.891473 0.888114 0.896899 0.912145 0.891731 0.892506 0.874935 0.87416 0.862273 0.864599 
0.882687 0.871318 0.883463 0.891473 0.888114 0.896899 0.912145 0.891731 0.892506 0.874935 0.87416 0.862273 0.864599 0.878036 0.869767 
0.883463 0.891473 0.888114 0.896899 0.912145 0.891731 0.892506 0.874935 0.87416 0.862273 0.864599 0.878036 0.869767 0.870801 0.862273 
0.888114 0.896899 0.912145 0.891731 0.892506 0.874935 0.87416 0.862273 0.864599 0.878036 0.869767 0.870801 0.862273 0.875711 0.870284 
0.912145 0.891731 0.892506 0.874935 0.87416 0.862273 0.864599 0.878036 0.869767 0.870801 0.862273 0.875711 0.870284 0.884238 0.86925 
0.892506 0.874935 0.87416 0.862273 0.864599 0.878036 0.869767 0.870801 0.862273 0.875711 0.870284 0.884238 0.86925 0.877002 0.896382 
0.87416 0.862273 0.864599 0.878036 0.869767 0.870801 0.862273 0.875711 0.870284 0.884238 0.86925 0.877002 0.896382 0.896124 0.897157 
0.864599 0.878036 0.869767 0.870801 0.862273 0.875711 0.870284 0.884238 0.86925 0.877002 0.896382 0.896124 0.897157 0.898191 0.893798 
0.869767 0.870801 0.862273 0.875711 0.870284 0.884238 0.86925 0.877002 0.896382 0.896124 0.897157 0.898191 0.893798 0.900258 0.875452 
0.862273 0.875711 0.870284 0.884238 0.86925 0.877002 0.896382 0.896124 0.897157 0.898191 0.893798 0.900258 0.875452 0.87261 0.842635 
0.870284 0.884238 0.86925 0.877002 0.896382 0.896124 0.897157 0.898191 0.893798 0.900258 0.875452 0.87261 0.842635 0.947804 0.795866 
0.86925 0.877002 0.896382 0.896124 0.897157 0.898191 0.893798 0.900258 0.875452 0.87261 0.842635 0.947804 0.795866 0.775452 0.797416 
0.896382 0.896124 0.897157 0.898191 0.893798 0.900258 0.875452 0.87261 0.842635 0.947804 0.795866 0.775452 0.797416 0.788889 0.799483 
0.897157 0.898191 0.893798 0.900258 0.875452 0.87261 0.842635 0.947804 0.795866 0.775452 0.797416 0.788889 0.799483 0.796899 0.757364 
0.893798 0.900258 0.875452 0.87261 0.842635 0.947804 0.795866 0.775452 0.797416 0.788889 0.799483 0.796899 0.757364 0.789147 0.813178 
0.875452 0.87261 0.842635 0.947804 0.795866 0.775452 0.797416 0.788889 0.799483 0.796899 0.757364 0.789147 0.813178 0.845736 0.798191 
0.842635 0.947804 0.795866 0.775452 0.797416 0.788889 0.799483 0.796899 0.757364 0.789147 0.813178 0.845736 0.798191 0.764341 0.724031 
0.795866 0.775452 0.797416 0.788889 0.799483 0.796899 0.757364 0.789147 0.813178 0.845736 0.798191 0.764341 0.724031 0.691731 0.675452 
0.797416 0.788889 0.799483 0.796899 0.757364 0.789147 0.813178 0.845736 0.798191 0.764341 0.724031 0.691731 0.675452 0.668734 0.681137 
0.799483 0.796899 0.757364 0.789147 0.813178 0.845736 0.798191 0.764341 0.724031 0.691731 0.675452 0.668734 0.681137 0.67416 0.649612 
0.757364 0.789147 0.813178 0.845736 0.798191 0.764341 0.724031 0.691731 0.675452 0.668734 0.681137 0.67416 0.649612 0.658915 0.65323 
0.813178 0.845736 0.798191 0.764341 0.724031 0.691731 0.675452 0.668734 0.681137 0.67416 0.649612 0.658915 0.65323 0.645994 0.648579 
0.798191 0.764341 0.724031 0.691731 0.675452 0.668734 0.681137 0.67416 0.649612 0.658915 0.65323 0.645994 0.648579 0.639018 0.654263 
0.724031 0.691731 0.675452 0.668734 0.681137 0.67416 0.649612 0.658915 0.65323 0.645994 0.648579 0.639018 0.654263 0.658915 0.671318 
0.675452 0.668734 0.681137 0.67416 0.649612 0.658915 0.65323 0.645994 0.648579 0.639018 0.654263 0.658915 0.671318 0.693798 0.684754 
0.681137 0.67416 0.649612 0.658915 0.65323 0.645994 0.648579 0.639018 0.654263 0.658915 0.671318 0.693798 0.684754 0.687339 0.690439 
0.649612 0.658915 0.65323 0.645994 0.648579 0.639018 0.654263 0.658915 0.671318 0.693798 0.684754 0.687339 0.690439 0.670542 0.690439 
0.65323 0.645994 0.648579 0.639018 0.654263 0.658915 0.671318 0.693798 0.684754 0.687339 0.690439 0.670542 0.690439 0.679845 0.68863 
0.648579 0.639018 0.654263 0.658915 0.671318 0.693798 0.684754 0.687339 0.690439 0.670542 0.690439 0.679845 0.68863 0.685788 0.667959 
0.654263 0.658915 0.671318 0.693798 0.684754 0.687339 0.690439 0.670542 0.690439 0.679845 0.68863 0.685788 0.667959 0.684496 0.684238 
0.671318 0.693798 0.684754 0.687339 0.690439 0.670542 0.690439 0.679845 0.68863 0.685788 0.667959 0.684496 0.684238 0.607494 0.610077 
0.684754 0.687339 0.690439 0.670542 0.690439 0.679845 0.68863 0.685788 0.667959 0.684496 0.684238 0.607494 0.610077 0.589147 0.570025 
0.690439 0.670542 0.690439 0.679845 0.68863 0.685788 0.667959 0.684496 0.684238 0.607494 0.610077 0.589147 0.570025 0.567959 0.580362 
0.690439 0.679845 0.68863 0.685788 0.667959 0.684496 0.684238 0.607494 0.610077 0.589147 0.570025 0.567959 0.580362 0.577519 0.578811 
0.68863 0.685788 0.667959 0.684496 0.684238 0.607494 0.610077 0.589147 0.570025 0.567959 0.580362 0.577519 0.578811 0.595349 0.606718 
0.667959 0.684496 0.684238 0.607494 0.610077 0.589147 0.570025 0.567959 0.580362 0.577519 0.578811 0.595349 0.606718 0.617571 0.627907 
0.684238 0.607494 0.610077 0.589147 0.570025 0.567959 0.580362 0.577519 0.578811 0.595349 0.606718 0.617571 0.627907 0.630749 0.648579 
0.610077 0.589147 0.570025 0.567959 0.580362 0.577519 0.578811 0.595349 0.606718 0.617571 0.627907 0.630749 0.648579 0.660982 0.649612 
0.570025 0.567959 0.580362 0.577519 0.578811 0.595349 0.606718 0.617571 0.627907 0.630749 0.648579 0.660982 0.649612 0.630749 0.611111 
0.580362 0.577519 0.578811 0.595349 0.606718 0.617571 0.627907 0.630749 0.648579 0.660982 0.649612 0.630749 0.611111 0.600775 0.590698 
0.578811 0.595349 0.606718 0.617571 0.627907 0.630749 0.648579 0.660982 0.649612 0.630749 0.611111 0.600775 0.590698 0.596899 0.583204 
0.606718 0.617571 0.627907 0.630749 0.648579 0.660982 0.649612 0.630749 0.611111 0.600775 0.590698 0.596899 0.583204 0.565374 0.570284 
0.627907 0.630749 0.648579 0.660982 0.649612 0.630749 0.611111 0.600775 0.590698 0.596899 0.583204 0.565374 0.570284 0.56124 0.560982 
0.648579 0.660982 0.649612 0.630749 0.611111 0.600775 0.590698 0.596899 0.583204 0.565374 0.570284 0.56124 0.560982 0.564341 0.564083 
0.649612 0.630749 0.611111 0.600775 0.590698 0.596899 0.583204 0.565374 0.570284 0.56124 0.560982 0.564341 0.564083 0.570801 0.590956 
0.611111 0.600775 0.590698 0.596899 0.583204 0.565374 0.570284 0.56124 0.560982 0.564341 0.564083 0.570801 0.590956 0.570025 0.573385 
0.590698 0.596899 0.583204 0.565374 0.570284 0.56124 0.560982 0.564341 0.564083 0.570801 0.590956 0.570025 0.573385 0.570025 0.576486 
0.583204 0.565374 0.570284 0.56124 0.560982 0.564341 0.564083 0.570801 0.590956 0.570025 0.573385 0.570025 0.576486 0.556072 0.577777 
0.570284 0.56124 0.560982 0.564341 0.564083 0.570801 0.590956 0.570025 0.573385 0.570025 0.576486 0.556072 0.577777 0.568992 0.568475 
0.560982 0.564341 0.564083 0.570801 0.590956 0.570025 0.573385 0.570025 0.576486 0.556072 0.577777 0.568992 0.568475 0.600258 0.587597 
0.564083 0.570801 0.590956 0.570025 0.573385 0.570025 0.576486 0.556072 0.577777 0.568992 0.568475 0.600258 0.587597 0.571835 0.56925 
0.590956 0.570025 0.573385 0.570025 0.576486 0.556072 0.577777 0.568992 0.568475 0.600258 0.587597 0.571835 0.56925 0.567959 0.567442 
0.573385 0.570025 0.576486 0.556072 0.577777 0.568992 0.568475 0.600258 0.587597 0.571835 0.56925 0.567959 0.567442 0.563824 0.59018 
0.576486 0.556072 0.577777 0.568992 0.568475 0.600258 0.587597 0.571835 0.56925 0.567959 0.567442 0.563824 0.59018 0.570025 0.575969 
0.577777 0.568992 0.568475 0.600258 0.587597 0.571835 0.56925 0.567959 0.567442 0.563824 0.59018 0.570025 0.575969 0.595349 0.581137 
0.568475 0.600258 0.587597 0.571835 0.56925 0.567959 0.567442 0.563824 0.59018 0.570025 0.575969 0.595349 0.581137 0.589922 0.592765 
0.587597 0.571835 0.56925 0.567959 0.567442 0.563824 0.59018 0.570025 0.575969 0.595349 0.581137 0.589922 0.592765 0.588114 0.619897 
0.56925 0.567959 0.567442 0.563824 0.59018 0.570025 0.575969 0.595349 0.581137 0.589922 0.592765 0.588114 0.619897 0.627907 0.639535 
0.567442 0.563824 0.59018 0.570025 0.575969 0.595349 0.581137 0.589922 0.592765 0.588114 0.619897 0.627907 0.639535 0.643669 0.625581 
0.59018 0.570025 0.575969 0.595349 0.581137 0.589922 0.592765 0.588114 0.619897 0.627907 0.639535 0.643669 0.625581 0.630749 0.624548 
0.575969 0.595349 0.581137 0.589922 0.592765 0.588114 0.619897 0.627907 0.639535 0.643669 0.625581 0.630749 0.624548 0.607494 0.507235 
0.581137 0.589922 0.592765 0.588114 0.619897 0.627907 0.639535 0.643669 0.625581 0.630749 0.624548 0.607494 0.507235 0.455814 0.440827 
0.592765 0.588114 0.619897 0.627907 0.639535 0.643669 0.625581 0.630749 0.624548 0.607494 0.507235 0.455814 0.440827 0.439277 0.471318 
0.619897 0.627907 0.639535 0.643669 0.625581 0.630749 0.624548 0.607494 0.507235 0.455814 0.440827 0.439277 0.471318 0.513695 0.508785 
0.639535 0.643669 0.625581 0.630749 0.624548 0.607494 0.507235 0.455814 0.440827 0.439277 0.471318 0.513695 0.508785 0.488889 0.491731 
0.625581 0.630749 0.624548 0.607494 0.507235 0.455814 0.440827 0.439277 0.471318 0.513695 0.508785 0.488889 0.491731 0.49199 0.47261 
0.624548 0.607494 0.507235 0.455814 0.440827 0.439277 0.471318 0.513695 0.508785 0.488889 0.491731 0.49199 0.47261 0.450646 0.420672 
0.507235 0.455814 0.440827 0.439277 0.471318 0.513695 0.508785 0.488889 0.491731 0.49199 0.47261 0.450646 0.420672 0.409819 0.38863 
0.440827 0.439277 0.471318 0.513695 0.508785 0.488889 0.491731 0.49199 0.47261 0.450646 0.420672 0.409819 0.38863 0.375452 0.382946 
0.471318 0.513695 0.508785 0.488889 0.491731 0.49199 0.47261 0.450646 0.420672 0.409819 0.38863 0.375452 0.382946 0.370026 0.37416 
0.508785 0.488889 0.491731 0.49199 0.47261 0.450646 0.420672 0.409819 0.38863 0.375452 0.382946 0.370026 0.37416 0.355297 0.348062 
0.491731 0.49199 0.47261 0.450646 0.420672 0.409819 0.38863 0.375452 0.382946 0.370026 0.37416 0.355297 0.348062 0.327649 0.324548 
0.47261 0.450646 0.420672 0.409819 0.38863 0.375452 0.382946 0.370026 0.37416 0.355297 0.348062 0.327649 0.324548 0.322481 0.350646 
0.420672 0.409819 0.38863 0.375452 0.382946 0.370026 0.37416 0.355297 0.348062 0.327649 0.324548 0.322481 0.350646 0.346253 0.345478 
0.38863 0.375452 0.382946 0.370026 0.37416 0.355297 0.348062 0.327649 0.324548 0.322481 0.350646 0.346253 0.345478 0.355556 0.354005 
0.382946 0.370026 0.37416 0.355297 0.348062 0.327649 0.324548 0.322481 0.350646 0.346253 0.345478 0.355556 0.354005 0.387339 0.385013 
0.37416 0.355297 0.348062 0.327649 0.324548 0.322481 0.350646 0.346253 0.345478 0.355556 0.354005 0.387339 0.385013 0.417829 0.403101 
0.348062 0.327649 0.324548 0.322481 0.350646 0.346253 0.345478 0.355556 0.354005 0.387339 0.385013 0.417829 0.403101 0.38062 0.370543 
0.324548 0.322481 0.350646 0.346253 0.345478 0.355556 0.354005 0.387339 0.385013 0.417829 0.403101 0.38062 0.370543 0.387339 0.39354 
0.350646 0.346253 0.345478 0.355556 0.354005 0.387339 0.385013 0.417829 0.403101 0.38062 0.370543 0.387339 0.39354 0.391215 0.393023 
0.345478 0.355556 0.354005 0.387339 0.385013 0.417829 0.403101 0.38062 0.370543 0.387339 0.39354 0.391215 0.393023 0.407752 0.405168 
0.354005 0.387339 0.385013 0.417829 0.403101 0.38062 0.370543 0.387339 0.39354 0.391215 0.393023 0.407752 0.405168 0.404909 0.394574 
0.385013 0.417829 0.403101 0.38062 0.370543 0.387339 0.39354 0.391215 0.393023 0.407752 0.405168 0.404909 0.394574 0.400775 0.421963 
0.403101 0.38062 0.370543 0.387339 0.39354 0.391215 0.393023 0.407752 0.405168 0.404909 0.394574 0.400775 0.421963 0.427907 0.473126 
0.370543 0.387339 0.39354 0.391215 0.393023 0.407752 0.405168 0.404909 0.394574 0.400775 0.421963 0.427907 0.473126 0.464341 0.489922 
0.39354 0.391215 0.393023 0.407752 0.405168 0.404909 0.394574 0.400775 0.421963 0.427907 0.473126 0.464341 0.489922 0.468734 0.456331 
0.393023 0.407752 0.405168 0.404909 0.394574 0.400775 0.421963 0.427907 0.473126 0.464341 0.489922 0.468734 0.456331 0.497416 0.475711 
0.405168 0.404909 0.394574 0.400775 0.421963 0.427907 0.473126 0.464341 0.489922 0.468734 0.456331 0.497416 0.475711 0.503876 0.506977 
0.394574 0.400775 0.421963 0.427907 0.473126 0.464341 0.489922 0.468734 0.456331 0.497416 0.475711 0.503876 0.506977 0.507235 0.473643 
0.421963 0.427907 0.473126 0.464341 0.489922 0.468734 0.456331 0.497416 0.475711 0.503876 0.506977 0.507235 0.473643 0.486305 0.474936 
0.473126 0.464341 0.489922 0.468734 0.456331 0.497416 0.475711 0.503876 0.506977 0.507235 0.473643 0.486305 0.474936 0.485788 0.465891 
0.489922 0.468734 0.456331 0.497416 0.475711 0.503876 0.506977 0.507235 0.473643 0.486305 0.474936 0.485788 0.465891 0.47261 0.481395 
0.456331 0.497416 0.475711 0.503876 0.506977 0.507235 0.473643 0.486305 0.474936 0.485788 0.465891 0.47261 0.481395 0.478811 0.489147 
0.475711 0.503876 0.506977 0.507235 0.473643 0.486305 0.474936 0.485788 0.465891 0.47261 0.481395 0.478811 0.489147 0.51938 0.532816 
0.506977 0.507235 0.473643 0.486305 0.474936 0.485788 0.465891 0.47261 0.481395 0.478811 0.489147 0.51938 0.532816 0.549612 0.52248 
0.473643 0.486305 0.474936 0.485788 0.465891 0.47261 0.481395 0.478811 0.489147 0.51938 0.532816 0.549612 0.52248 0.527132 0.514729 
0.474936 0.485788 0.465891 0.47261 0.481395 0.478811 0.489147 0.51938 0.532816 0.549612 0.52248 0.527132 0.514729 0.542894 0.558915 
0.465891 0.47261 0.481395 0.478811 0.489147 0.51938 0.532816 0.549612 0.52248 0.527132 0.514729 0.542894 0.558915 0.578294 0.573126 
0.481395 0.478811 0.489147 0.51938 0.532816 0.549612 0.52248 0.527132 0.514729 0.542894 0.558915 0.578294 0.573126 0.571576 0.587855 
0.489147 0.51938 0.532816 0.549612 0.52248 0.527132 0.514729 0.542894 0.558915 0.578294 0.573126 0.571576 0.587855 0.552713 0.584496 
0.532816 0.549612 0.52248 0.527132 0.514729 0.542894 0.558915 0.578294 0.573126 0.571576 0.587855 0.552713 0.584496 0.544703 0.547029 
0.52248 0.527132 0.514729 0.542894 0.558915 0.578294 0.573126 0.571576 0.587855 0.552713 0.584496 0.544703 0.547029 0.555556 0.576486 
0.514729 0.542894 0.558915 0.578294 0.573126 0.571576 0.587855 0.552713 0.584496 0.544703 0.547029 0.555556 0.576486 0.549095 0.562532 
0.558915 0.578294 0.573126 0.571576 0.587855 0.552713 0.584496 0.544703 0.547029 0.555556 0.576486 0.549095 0.562532 0.568217 0.555556 
0.573126 0.571576 0.587855 0.552713 0.584496 0.544703 0.547029 0.555556 0.576486 0.549095 0.562532 0.568217 0.555556 0.558139 0.563308 
0.587855 0.552713 0.584496 0.544703 0.547029 0.555556 0.576486 0.549095 0.562532 0.568217 0.555556 0.558139 0.563308 0.565116 0.57261 
0.584496 0.544703 0.547029 0.555556 0.576486 0.549095 0.562532 0.568217 0.555556 0.558139 0.563308 0.565116 0.57261 0.576744 0.57106 
0.547029 0.555556 0.576486 0.549095 0.562532 0.568217 0.555556 0.558139 0.563308 0.565116 0.57261 0.576744 0.57106 0.583979 0.582429 
0.576486 0.549095 0.562532 0.568217 0.555556 0.558139 0.563308 0.565116 0.57261 0.576744 0.57106 0.583979 0.582429 0.572868 0.562791 
0.562532 0.568217 0.555556 0.558139 0.563308 0.565116 0.57261 0.576744 0.57106 0.583979 0.582429 0.572868 0.562791 0.512403 0.449612 
0.555556 0.558139 0.563308 0.565116 0.57261 0.576744 0.57106 0.583979 0.582429 0.572868 0.562791 0.512403 0.449612 0.459432 0.457364 
0.563308 0.565116 0.57261 0.576744 0.57106 0.583979 0.582429 0.572868 0.562791 0.512403 0.449612 0.459432 0.457364 0.466149 0.455814 
0.57261 0.576744 0.57106 0.583979 0.582429 0.572868 0.562791 0.512403 0.449612 0.459432 0.457364 0.466149 0.455814 0.459432 0.462791 
0.57106 0.583979 0.582429 0.572868 0.562791 0.512403 0.449612 0.459432 0.457364 0.466149 0.455814 0.459432 0.462791 0.460982 0.462015 
0.582429 0.572868 0.562791 0.512403 0.449612 0.459432 0.457364 0.466149 0.455814 0.459432 0.462791 0.460982 0.462015 0.44987 0.461757 
0.562791 0.512403 0.449612 0.459432 0.457364 0.466149 0.455814 0.459432 0.462791 0.460982 0.462015 0.44987 0.461757 0.433333 0.450387 
0.449612 0.459432 0.457364 0.466149 0.455814 0.459432 0.462791 0.460982 0.462015 0.44987 0.461757 0.433333 0.450387 0.448837 0.455039 
0.457364 0.466149 0.455814 0.459432 0.462791 0.460982 0.462015 0.44987 0.461757 0.433333 0.450387 0.448837 0.455039 0.44987 0.422222 
0.455814 0.459432 0.462791 0.460982 0.462015 0.44987 0.461757 0.433333 0.450387 0.448837 0.455039 0.44987 0.422222 0.421188 0.432558 
0.462791 0.460982 0.462015 0.44987 0.461757 0.433333 0.450387 0.448837 0.455039 0.44987 0.422222 0.421188 0.432558 0.458398 0.440568 
0.462015 0.44987 0.461757 0.433333 0.450387 0.448837 0.455039 0.44987 0.422222 0.421188 0.432558 0.458398 0.440568 0.439793 0.445219 
0.461757 0.433333 0.450387 0.448837 0.455039 0.44987 0.422222 0.421188 0.432558 0.458398 0.440568 0.439793 0.445219 0.439018 0.44186 
0.450387 0.448837 0.455039 0.44987 0.422222 0.421188 0.432558 0.458398 0.440568 0.439793 0.445219 0.439018 0.44186 0.458398 0.460982 
0.455039 0.44987 0.422222 0.421188 0.432558 0.458398 0.440568 0.439793 0.445219 0.439018 0.44186 0.458398 0.460982 0.46124 0.466667 
0.422222 0.421188 0.432558 0.458398 0.440568 0.439793 0.445219 0.439018 0.44186 0.458398 0.460982 0.46124 0.466667 0.46925 0.452196 
0.432558 0.458398 0.440568 0.439793 0.445219 0.439018 0.44186 0.458398 0.460982 0.46124 0.466667 0.46925 0.452196 0.452455 0.452713 
0.440568 0.439793 0.445219 0.439018 0.44186 0.458398 0.460982 0.46124 0.466667 0.46925 0.452196 0.452455 0.452713 0.476227 0.460207 
0.445219 0.439018 0.44186 0.458398 0.460982 0.46124 0.466667 0.46925 0.452196 0.452455 0.452713 0.476227 0.460207 0.452713 0.454522 
0.44186 0.458398 0.460982 0.46124 0.466667 0.46925 0.452196 0.452455 0.452713 0.476227 0.460207 0.452713 0.454522 0.445736 0.434367 
0.460982 0.46124 0.466667 0.46925 0.452196 0.452455 0.452713 0.476227 0.460207 0.452713 0.454522 0.445736 0.434367 0.439277 0.42894 
0.466667 0.46925 0.452196 0.452455 0.452713 0.476227 0.460207 0.452713 0.454522 0.445736 0.434367 0.439277 0.42894 0.441343 0.438243 
0.452196 0.452455 0.452713 0.476227 0.460207 0.452713 0.454522 0.445736 0.434367 0.439277 0.42894 0.441343 0.438243 0.450387 0.468217 
0.452713 0.476227 0.460207 0.452713 0.454522 0.445736 0.434367 0.439277 0.42894 0.441343 0.438243 0.450387 0.468217 0.436951 0.443153 
0.460207 0.452713 0.454522 0.445736 0.434367 0.439277 0.42894 0.441343 0.438243 0.450387 0.468217 0.436951 0.443153 0.474936 0.497674 
0.454522 0.445736 0.434367 0.439277 0.42894 0.441343 0.438243 0.450387 0.468217 0.436951 0.443153 0.474936 0.497674 0.502584 0.469509 
